,mean_fit_time,mean_score_time,mean_test_score,mean_train_score,param_clf__n_neighbors,param_vect__max_df,param_vect__min_df,param_vect__ngram_range,params,rank_test_score,split0_test_score,split0_train_score,split1_test_score,split1_train_score,split2_test_score,split2_train_score,std_fit_time,std_score_time,std_test_score,std_train_score
0,1.4217065970102947,0.8647543589274088,0.638,1.0,1,0.5,1,"(1, 1)","{'clf__n_neighbors': 1, 'vect__max_df': 0.5, 'vect__min_df': 1, 'vect__ngram_range': (1, 1)}",93,0.6427145708582834,1.0,0.618,1.0,0.6533066132264529,1.0,0.027611721064385582,0.00996482049406475,0.014788457845921883,0.0
1,4.574825922648112,1.3156600793202717,0.6513333333333333,1.0,1,0.5,1,"(2, 2)","{'clf__n_neighbors': 1, 'vect__max_df': 0.5, 'vect__min_df': 1, 'vect__ngram_range': (2, 2)}",72,0.6506986027944112,1.0,0.654,1.0,0.6492985971943888,1.0,0.04253984604775785,0.0055805455479196785,0.0019703358924036763,0.0
2,5.531378348668416,1.9792455832163494,0.6446666666666667,1.0,1,0.5,1,"(1, 2)","{'clf__n_neighbors': 1, 'vect__max_df': 0.5, 'vect__min_df': 1, 'vect__ngram_range': (1, 2)}",87,0.6526946107784432,1.0,0.622,1.0,0.6593186372745491,1.0,0.034664307179077564,0.03464495156405464,0.016254286023710485,0.0
3,12.398341655731201,3.0710930029551187,0.6473333333333333,1.0,1,0.5,1,"(1, 3)","{'clf__n_neighbors': 1, 'vect__max_df': 0.5, 'vect__min_df': 1, 'vect__ngram_range': (1, 3)}",82,0.6467065868263473,1.0,0.634,1.0,0.6613226452905812,1.0,0.21879182107813747,0.2538637044836842,0.011157670335144448,0.0
4,1.404317855834961,0.9131872653961182,0.6466666666666666,1.0,1,0.5,10,"(1, 1)","{'clf__n_neighbors': 1, 'vect__max_df': 0.5, 'vect__min_df': 10, 'vect__ngram_range': (1, 1)}",85,0.654690618762475,1.0,0.644,1.0,0.6412825651302605,1.0,0.048069014953728416,0.1340704226060557,0.005789480639258089,0.0
5,4.403932412465413,1.2407019138336182,0.612,1.0,1,0.5,10,"(2, 2)","{'clf__n_neighbors': 1, 'vect__max_df': 0.5, 'vect__min_df': 10, 'vect__ngram_range': (2, 2)}",107,0.5828343313373253,1.0,0.614,1.0,0.6392785571142284,1.0,0.10746813886063693,0.11329369534983999,0.023086568532920897,0.0
6,6.249985218048096,1.9140489896138508,0.6466666666666666,1.0,1,0.5,10,"(1, 2)","{'clf__n_neighbors': 1, 'vect__max_df': 0.5, 'vect__min_df': 10, 'vect__ngram_range': (1, 2)}",85,0.656686626746507,1.0,0.64,1.0,0.6432865731462926,1.0,0.07531148203472571,0.09309391260974462,0.0072214270470617225,0.0
7,11.938677390416464,2.3656606674194336,0.6533333333333333,1.0,1,0.5,10,"(1, 3)","{'clf__n_neighbors': 1, 'vect__max_df': 0.5, 'vect__min_df': 10, 'vect__ngram_range': (1, 3)}",69,0.6666666666666666,1.0,0.64,1.0,0.6533066132264529,1.0,0.31758781381874596,0.04762153949207583,0.010892073932410566,0.0
8,1.4940399328867595,0.8245084285736084,0.6313333333333333,1.0,1,0.5,20,"(1, 1)","{'clf__n_neighbors': 1, 'vect__max_df': 0.5, 'vect__min_df': 20, 'vect__ngram_range': (1, 1)}",99,0.654690618762475,1.0,0.634,1.0,0.6052104208416834,1.0,0.06375451275629353,0.023242470702545422,0.020287983004946955,0.0
9,4.3550639152526855,1.0753006140391033,0.5946666666666667,1.0,1,0.5,20,"(2, 2)","{'clf__n_neighbors': 1, 'vect__max_df': 0.5, 'vect__min_df': 20, 'vect__ngram_range': (2, 2)}",117,0.5748502994011976,1.0,0.62,1.0,0.5891783567134269,1.0,0.11158550006099795,0.022477442288118498,0.018844211040807527,0.0
10,5.344792127609253,1.6274502277374268,0.6393333333333333,1.0,1,0.5,20,"(1, 2)","{'clf__n_neighbors': 1, 'vect__max_df': 0.5, 'vect__min_df': 20, 'vect__ngram_range': (1, 2)}",91,0.6487025948103793,1.0,0.636,1.0,0.6332665330661322,1.0,0.0957598945458843,0.07490062456526991,0.006728105013269982,0.0
11,12.059384425481161,2.3677217165629068,0.6473333333333333,1.0,1,0.5,20,"(1, 3)","{'clf__n_neighbors': 1, 'vect__max_df': 0.5, 'vect__min_df': 20, 'vect__ngram_range': (1, 3)}",82,0.654690618762475,1.0,0.644,1.0,0.6432865731462926,1.0,0.32422484489484066,0.029165378399976228,0.0052183182083291564,0.0
12,1.5574720700581868,0.8076805273691813,0.648,1.0,1,0.5,30,"(1, 1)","{'clf__n_neighbors': 1, 'vect__max_df': 0.5, 'vect__min_df': 30, 'vect__ngram_range': (1, 1)}",80,0.6526946107784432,1.0,0.672,1.0,0.6192384769539078,1.0,0.11460505206717973,0.0580111785107673,0.021784200747459397,0.0
13,4.355518658955892,1.0468839804331462,0.594,1.0,1,0.5,30,"(2, 2)","{'clf__n_neighbors': 1, 'vect__max_df': 0.5, 'vect__min_df': 30, 'vect__ngram_range': (2, 2)}",120,0.5688622754491018,1.0,0.62,1.0,0.593186372745491,1.0,0.06312845085237372,0.010938744408606675,0.020895212141530436,0.0
14,5.308009703954061,1.5654315948486328,0.6573333333333333,1.0,1,0.5,30,"(1, 2)","{'clf__n_neighbors': 1, 'vect__max_df': 0.5, 'vect__min_df': 30, 'vect__ngram_range': (1, 2)}",66,0.654690618762475,1.0,0.672,1.0,0.6452905811623246,1.0,0.04359322416682424,0.03159103853011023,0.011058131900512181,0.0
15,11.97528870900472,2.2761943340301514,0.6506666666666666,1.0,1,0.5,30,"(1, 3)","{'clf__n_neighbors': 1, 'vect__max_df': 0.5, 'vect__min_df': 30, 'vect__ngram_range': (1, 3)}",77,0.6387225548902196,1.0,0.67,1.0,0.6432865731462926,1.0,0.15224634165741993,0.051570002592108595,0.013797122360925208,0.0
16,1.5528462727864583,0.9341654777526855,0.6286666666666667,1.0,1,0.75,1,"(1, 1)","{'clf__n_neighbors': 1, 'vect__max_df': 0.75, 'vect__min_df': 1, 'vect__ngram_range': (1, 1)}",100,0.6327345309381237,1.0,0.604,1.0,0.6492985971943888,1.0,0.035408552365925695,0.061050159495655294,0.018706952926662083,0.0
17,4.89873727162679,1.4452122847239177,0.6513333333333333,1.0,1,0.75,1,"(2, 2)","{'clf__n_neighbors': 1, 'vect__max_df': 0.75, 'vect__min_df': 1, 'vect__ngram_range': (2, 2)}",72,0.6407185628742516,1.0,0.656,1.0,0.657314629258517,1.0,0.06768783159334693,0.0358516683282776,0.007536153429155156,0.0
18,5.878517230351766,2.1217270692189536,0.648,1.0,1,0.75,1,"(1, 2)","{'clf__n_neighbors': 1, 'vect__max_df': 0.75, 'vect__min_df': 1, 'vect__ngram_range': (1, 2)}",80,0.6626746506986028,1.0,0.624,1.0,0.657314629258517,1.0,0.06226182717973685,0.04073623748555375,0.01711105741384236,0.0
19,12.586860577265421,3.13964835802714,0.6546666666666666,1.0,1,0.75,1,"(1, 3)","{'clf__n_neighbors': 1, 'vect__max_df': 0.75, 'vect__min_df': 1, 'vect__ngram_range': (1, 3)}",68,0.6706586826347305,1.0,0.636,1.0,0.657314629258517,1.0,0.0631431545469573,0.04033671395490968,0.014279334610930597,0.0
20,1.4197072982788086,0.9119894504547119,0.6406666666666667,1.0,1,0.75,10,"(1, 1)","{'clf__n_neighbors': 1, 'vect__max_df': 0.75, 'vect__min_df': 10, 'vect__ngram_range': (1, 1)}",89,0.6447105788423154,1.0,0.636,1.0,0.6412825651302605,1.0,0.01584090123301343,0.011694340588862321,0.003584330814769983,0.0
21,4.36460296312968,1.1088673273722331,0.6093333333333333,1.0,1,0.75,10,"(2, 2)","{'clf__n_neighbors': 1, 'vect__max_df': 0.75, 'vect__min_df': 10, 'vect__ngram_range': (2, 2)}",111,0.562874251497006,1.0,0.614,1.0,0.6513026052104208,1.0,0.02793755024910858,0.026098745368335573,0.03625115123574969,0.0
22,5.344499349594116,1.7860538959503174,0.6473333333333333,1.0,1,0.75,10,"(1, 2)","{'clf__n_neighbors': 1, 'vect__max_df': 0.75, 'vect__min_df': 10, 'vect__ngram_range': (1, 2)}",82,0.6706586826347305,1.0,0.638,1.0,0.6332665330661322,1.0,0.026414970379531784,0.08430704747273957,0.016630797685831537,0.0
23,11.791140874226889,2.373509963353475,0.6526666666666666,1.0,1,0.75,10,"(1, 3)","{'clf__n_neighbors': 1, 'vect__max_df': 0.75, 'vect__min_df': 10, 'vect__ngram_range': (1, 3)}",70,0.6706586826347305,1.0,0.646,1.0,0.6412825651302605,1.0,0.2498483396324623,0.02607143253248516,0.012885949461491266,0.0
24,1.481722354888916,0.861735979715983,0.632,1.0,1,0.75,20,"(1, 1)","{'clf__n_neighbors': 1, 'vect__max_df': 0.75, 'vect__min_df': 20, 'vect__ngram_range': (1, 1)}",98,0.6526946107784432,1.0,0.62,1.0,0.6232464929859719,1.0,0.05940562050050012,0.014553918726697274,0.014715004659375726,0.0
25,4.310467640558879,1.0861154397328694,0.592,1.0,1,0.75,20,"(2, 2)","{'clf__n_neighbors': 1, 'vect__max_df': 0.75, 'vect__min_df': 20, 'vect__ngram_range': (2, 2)}",121,0.5888223552894212,1.0,0.608,1.0,0.5791583166332666,1.0,0.05945558975327558,0.013388272826617689,0.011981884030854496,0.0
26,5.290202935536702,1.6315159797668457,0.6333333333333333,1.0,1,0.75,20,"(1, 2)","{'clf__n_neighbors': 1, 'vect__max_df': 0.75, 'vect__min_df': 20, 'vect__ngram_range': (1, 2)}",97,0.6407185628742516,1.0,0.632,1.0,0.627254509018036,1.0,0.03656965482924893,0.03347263231683113,0.005576936949817232,0.0
27,11.565971374511719,2.3785927295684814,0.642,1.0,1,0.75,20,"(1, 3)","{'clf__n_neighbors': 1, 'vect__max_df': 0.75, 'vect__min_df': 20, 'vect__ngram_range': (1, 3)}",88,0.654690618762475,1.0,0.63,1.0,0.6412825651302605,1.0,0.057213473895350135,0.1140684830386552,0.010097649752134827,0.0
28,1.4639852046966553,0.8294624487559,0.6366666666666667,1.0,1,0.75,30,"(1, 1)","{'clf__n_neighbors': 1, 'vect__max_df': 0.75, 'vect__min_df': 30, 'vect__ngram_range': (1, 1)}",94,0.6467065868263473,1.0,0.648,1.0,0.6152304609218436,1.0,0.03932011501059956,0.03100646709083874,0.015144173094535371,0.0
29,4.509434461593628,1.1106552282969158,0.588,1.0,1,0.75,30,"(2, 2)","{'clf__n_neighbors': 1, 'vect__max_df': 0.75, 'vect__min_df': 30, 'vect__ngram_range': (2, 2)}",123,0.562874251497006,1.0,0.62,1.0,0.5811623246492986,1.0,0.028145671323426463,0.019655092989007094,0.023827338226671223,0.0
30,5.477205673853557,1.623358964920044,0.6506666666666666,1.0,1,0.75,30,"(1, 2)","{'clf__n_neighbors': 1, 'vect__max_df': 0.75, 'vect__min_df': 30, 'vect__ngram_range': (1, 2)}",77,0.6666666666666666,1.0,0.664,1.0,0.6212424849699398,1.0,0.021272467432984603,0.00976563256893324,0.02080337057115768,0.0
31,11.887454430262247,2.36173144976298,0.65,1.0,1,0.75,30,"(1, 3)","{'clf__n_neighbors': 1, 'vect__max_df': 0.75, 'vect__min_df': 30, 'vect__ngram_range': (1, 3)}",79,0.6467065868263473,1.0,0.676,1.0,0.627254509018036,1.0,0.1410396456529624,0.11040070356270154,0.020026573252919393,0.0
32,1.4518177509307861,1.0542270342508953,0.62,1.0,1,1.0,1,"(1, 1)","{'clf__n_neighbors': 1, 'vect__max_df': 1.0, 'vect__min_df': 1, 'vect__ngram_range': (1, 1)}",103,0.5948103792415169,1.0,0.606,1.0,0.6593186372745491,1.0,0.009921657534532028,0.15671728009359262,0.02813449457278035,0.0
33,4.80781888961792,1.4461570580800374,0.652,1.0,1,1.0,1,"(2, 2)","{'clf__n_neighbors': 1, 'vect__max_df': 1.0, 'vect__min_df': 1, 'vect__ngram_range': (2, 2)}",71,0.6447105788423154,1.0,0.65,1.0,0.6613226452905812,1.0,0.047247031432061375,0.024861488444257982,0.006927717852205365,0.0
34,6.004492362340291,2.2758116722106934,0.612,1.0,1,1.0,1,"(1, 2)","{'clf__n_neighbors': 1, 'vect__max_df': 1.0, 'vect__min_df': 1, 'vect__ngram_range': (1, 2)}",107,0.592814371257485,1.0,0.596,1.0,0.6472945891783567,1.0,0.046545477190948155,0.07102636602106469,0.02495356444922277,0.0
35,13.30030639966329,3.3958696524302163,0.6126666666666667,1.0,1,1.0,1,"(1, 3)","{'clf__n_neighbors': 1, 'vect__max_df': 1.0, 'vect__min_df': 1, 'vect__ngram_range': (1, 3)}",106,0.5948103792415169,1.0,0.596,1.0,0.6472945891783567,1.0,0.17544035395629465,0.0197190301426315,0.02445374752349979,0.0
36,1.5019489924112956,1.0223435560862224,0.6366666666666667,1.0,1,1.0,10,"(1, 1)","{'clf__n_neighbors': 1, 'vect__max_df': 1.0, 'vect__min_df': 10, 'vect__ngram_range': (1, 1)}",94,0.6327345309381237,1.0,0.628,1.0,0.6492985971943888,1.0,0.021625046503292816,0.04506452170858151,0.009125975078515418,0.0
37,4.53454836209615,1.1599431037902832,0.6113333333333333,1.0,1,1.0,10,"(2, 2)","{'clf__n_neighbors': 1, 'vect__max_df': 1.0, 'vect__min_df': 10, 'vect__ngram_range': (2, 2)}",109,0.5768463073852296,1.0,0.616,1.0,0.6412825651302605,1.0,0.09278070329869194,0.024242713121575696,0.02651209798498333,0.0
38,5.565126657485962,1.7998038132985432,0.622,1.0,1,1.0,10,"(1, 2)","{'clf__n_neighbors': 1, 'vect__max_df': 1.0, 'vect__min_df': 10, 'vect__ngram_range': (1, 2)}",102,0.6187624750499002,1.0,0.616,1.0,0.6312625250501002,1.0,0.02646696327823888,0.01881337166923594,0.006636397428857749,0.0
39,11.814493417739868,2.47153639793396,0.6226666666666667,1.0,1,1.0,10,"(1, 3)","{'clf__n_neighbors': 1, 'vect__max_df': 1.0, 'vect__min_df': 10, 'vect__ngram_range': (1, 3)}",101,0.6227544910179641,1.0,0.61,1.0,0.6352705410821643,1.0,0.10002576330181605,0.04377503389303817,0.010311677974808165,0.0
40,1.4799753824869792,0.9074076016743978,0.5946666666666667,1.0,1,1.0,20,"(1, 1)","{'clf__n_neighbors': 1, 'vect__max_df': 1.0, 'vect__min_df': 20, 'vect__ngram_range': (1, 1)}",117,0.5668662674650699,1.0,0.62,1.0,0.5971943887775552,1.0,0.07430439854994476,0.018100191392053034,0.021775845167288713,0.0
41,4.394610643386841,1.1027597586313884,0.5893333333333334,1.0,1,1.0,20,"(2, 2)","{'clf__n_neighbors': 1, 'vect__max_df': 1.0, 'vect__min_df': 20, 'vect__ngram_range': (2, 2)}",122,0.5828343313373253,1.0,0.606,1.0,0.5791583166332666,1.0,0.07814499269816692,0.05114933922443655,0.011880280323470573,0.0
42,5.635923306147258,1.754529078801473,0.5973333333333334,1.0,1,1.0,20,"(1, 2)","{'clf__n_neighbors': 1, 'vect__max_df': 1.0, 'vect__min_df': 20, 'vect__ngram_range': (1, 2)}",116,0.5668662674650699,1.0,0.616,1.0,0.6092184368737475,1.0,0.049404920368808926,0.06419202245965823,0.02175251867458744,0.0
43,12.238395055135092,2.423708915710449,0.606,1.0,1,1.0,20,"(1, 3)","{'clf__n_neighbors': 1, 'vect__max_df': 1.0, 'vect__min_df': 20, 'vect__ngram_range': (1, 3)}",112,0.5668662674650699,1.0,0.628,1.0,0.6232464929859719,1.0,0.15122534324966616,0.059421646106649954,0.027781040041931652,0.0
44,1.46968412399292,0.9708414872487386,0.6106666666666667,1.0,1,1.0,30,"(1, 1)","{'clf__n_neighbors': 1, 'vect__max_df': 1.0, 'vect__min_df': 30, 'vect__ngram_range': (1, 1)}",110,0.5788423153692615,1.0,0.64,1.0,0.6132264529058116,1.0,0.07275223677991786,0.052630134350242753,0.02504528404839947,0.0
45,4.345700979232788,1.0653433799743652,0.5946666666666667,1.0,1,1.0,30,"(2, 2)","{'clf__n_neighbors': 1, 'vect__max_df': 1.0, 'vect__min_df': 30, 'vect__ngram_range': (2, 2)}",117,0.5828343313373253,1.0,0.614,1.0,0.5871743486973948,1.0,0.0689725071754897,0.0014568078325349384,0.01378507047906076,0.0
46,5.273535331090291,1.7185879548390706,0.6006666666666667,1.0,1,1.0,30,"(1, 2)","{'clf__n_neighbors': 1, 'vect__max_df': 1.0, 'vect__min_df': 30, 'vect__ngram_range': (1, 2)}",115,0.562874251497006,1.0,0.616,1.0,0.6232464929859719,1.0,0.041436589958151436,0.033886043906905514,0.026926214910706077,0.0
47,11.61380402247111,2.3571709791819253,0.6026666666666667,1.0,1,1.0,30,"(1, 3)","{'clf__n_neighbors': 1, 'vect__max_df': 1.0, 'vect__min_df': 30, 'vect__ngram_range': (1, 3)}",113,0.5668662674650699,1.0,0.62,1.0,0.6212424849699398,1.0,0.1186398154004595,0.03867053390775794,0.025357755343543793,0.0
48,1.4743203322092693,0.9263739585876465,0.6793333333333333,0.7593335050001717,10,0.5,1,"(1, 1)","{'clf__n_neighbors': 10, 'vect__max_df': 0.5, 'vect__min_df': 1, 'vect__ngram_range': (1, 1)}",53,0.6846307385229541,0.7577577577577578,0.666,0.763,0.687374749498998,0.7572427572427572,0.022971741638887194,0.05121398126367308,0.009494409753916569,0.002601114577822019
49,4.69712773958842,1.4542353947957356,0.6973333333333334,0.7753348490015157,10,0.5,1,"(2, 2)","{'clf__n_neighbors': 10, 'vect__max_df': 0.5, 'vect__min_df': 1, 'vect__ngram_range': (2, 2)}",33,0.6826347305389222,0.7757757757757757,0.716,0.779,0.6933867735470942,0.7712287712287712,0.07595288875972266,0.13338090177164683,0.013910064100961777,0.0031878740532302716
50,6.040350993474324,2.0560404459635415,0.6973333333333334,0.7669881796548464,10,0.5,1,"(1, 2)","{'clf__n_neighbors': 10, 'vect__max_df': 0.5, 'vect__min_df': 1, 'vect__ngram_range': (1, 2)}",33,0.7065868263473054,0.7517517517517518,0.698,0.762,0.687374749498998,0.7872127872127872,0.17412841646167218,0.04565138067738124,0.007857435477972597,0.014900396218310656
51,12.709748029708862,3.1133196353912354,0.698,0.7713285113285112,10,0.5,1,"(1, 3)","{'clf__n_neighbors': 10, 'vect__max_df': 0.5, 'vect__min_df': 1, 'vect__ngram_range': (1, 3)}",31,0.6926147704590818,0.7597597597597597,0.692,0.78,0.7094188376753507,0.7742257742257742,0.11882469941519533,0.045149342310100336,0.008066138538174939,0.008513222283309366
52,1.4481836160024006,0.8689707120259603,0.6773333333333333,0.7396658246658246,10,0.5,10,"(1, 1)","{'clf__n_neighbors': 10, 'vect__max_df': 0.5, 'vect__min_df': 10, 'vect__ngram_range': (1, 1)}",55,0.6786427145708582,0.7357357357357357,0.664,0.745,0.6893787575150301,0.7382617382617382,0.032077487903490624,0.023556212879237374,0.010397078839606508,0.003910263594025033
53,4.37498664855957,1.1121080716451008,0.678,0.7730025113358446,10,0.5,10,"(2, 2)","{'clf__n_neighbors': 10, 'vect__max_df': 0.5, 'vect__min_df': 10, 'vect__ngram_range': (2, 2)}",54,0.6926147704590818,0.7707707707707707,0.65,0.785,0.6913827655310621,0.7632367632367633,0.02169638195034483,0.004699584443141397,0.019805377342493453,0.00902386162961004
54,5.401974439620972,1.6919936339060466,0.6906666666666667,0.7613325086658419,10,0.5,10,"(1, 2)","{'clf__n_neighbors': 10, 'vect__max_df': 0.5, 'vect__min_df': 10, 'vect__ngram_range': (1, 2)}",43,0.6866267465069861,0.7617617617617618,0.694,0.758,0.6913827655310621,0.7642357642357642,0.04483301200725314,0.009656811266515294,0.0030537670674059252,0.002563770994229213
55,11.626524686813354,2.2670887311299643,0.6846666666666666,0.7703311786645121,10,0.5,10,"(1, 3)","{'clf__n_neighbors': 10, 'vect__max_df': 0.5, 'vect__min_df': 10, 'vect__ngram_range': (1, 3)}",51,0.6846307385229541,0.7647647647647647,0.696,0.775,0.6733466933867736,0.7712287712287712,0.09755677257431097,0.029340212263129082,0.009243578840200299,0.004226445661049842
56,1.4540607929229736,0.8435060183207194,0.6686666666666666,0.7566665026665027,10,0.5,20,"(1, 1)","{'clf__n_neighbors': 10, 'vect__max_df': 0.5, 'vect__min_df': 20, 'vect__ngram_range': (1, 1)}",61,0.656686626746507,0.7537537537537538,0.684,0.762,0.6653306613226453,0.7542457542457542,0.06290497286515064,0.024520687103199892,0.011402136994217901,0.0037766970998346894
57,4.22516655921936,1.0454110304514568,0.666,0.7610061710061711,10,0.5,20,"(2, 2)","{'clf__n_neighbors': 10, 'vect__max_df': 0.5, 'vect__min_df': 20, 'vect__ngram_range': (2, 2)}",64,0.6626746506986028,0.7657657657657657,0.676,0.77,0.6593186372745491,0.7472527472527473,0.04375907588417911,0.009921975916520333,0.007202578022846249,0.00987757337249457
58,5.1494505405426025,1.5635191599527996,0.6893333333333334,0.769678180344847,10,0.5,20,"(1, 2)","{'clf__n_neighbors': 10, 'vect__max_df': 0.5, 'vect__min_df': 20, 'vect__ngram_range': (1, 2)}",45,0.6826347305389222,0.7877877877877878,0.694,0.768,0.6913827655310621,0.7532467532467533,0.06340767196819133,0.026604888314190923,0.004862460684409552,0.014151159757975273
59,11.252668460210165,2.213493824005127,0.688,0.767343842677176,10,0.5,20,"(1, 3)","{'clf__n_neighbors': 10, 'vect__max_df': 0.5, 'vect__min_df': 20, 'vect__ngram_range': (1, 3)}",46,0.6806387225548902,0.7797797797797797,0.702,0.774,0.6813627254509018,0.7482517482517482,0.08529829031907549,0.029350332075199475,0.009903906452310535,0.01370480489312113
60,1.3867518901824951,0.7961905002593994,0.676,0.759670840337507,10,0.5,30,"(1, 1)","{'clf__n_neighbors': 10, 'vect__max_df': 0.5, 'vect__min_df': 30, 'vect__ngram_range': (1, 1)}",56,0.6626746506986028,0.7667667667667668,0.67,0.758,0.6953907815631263,0.7542457542457542,0.00639347472735101,0.024487619536296603,0.014013927223561996,0.005246441283569829
61,4.313559055328369,1.0511915683746338,0.6513333333333333,0.7419978286644953,10,0.5,30,"(2, 2)","{'clf__n_neighbors': 10, 'vect__max_df': 0.5, 'vect__min_df': 30, 'vect__ngram_range': (2, 2)}",72,0.6506986027944112,0.7397397397397397,0.648,0.74,0.655310621242485,0.7462537462537463,0.0886658077664008,0.03502595455304514,0.0030167300844857734,0.0030112632726304383
62,5.255147218704224,1.5202435652414958,0.6946666666666667,0.7833401883401884,10,0.5,30,"(1, 2)","{'clf__n_neighbors': 10, 'vect__max_df': 0.5, 'vect__min_df': 30, 'vect__ngram_range': (1, 2)}",37,0.6706586826347305,0.7927927927927928,0.7,0.785,0.7134268537074149,0.7722277722277723,0.1216936815051516,0.026288359592547918,0.017862635461440648,0.008477273491300697
63,11.047581911087036,2.150376319885254,0.7,0.778332518665852,10,0.5,30,"(1, 3)","{'clf__n_neighbors': 10, 'vect__max_df': 0.5, 'vect__min_df': 30, 'vect__ngram_range': (1, 3)}",28,0.6826347305389222,0.7767767767767768,0.714,0.779,0.7034068136272545,0.7792207792207793,0.057395207936546046,0.03487065929536182,0.013035066231201351,0.001103761896168273
64,1.410890261332194,0.9403549830118815,0.676,0.7656715116715117,10,0.75,1,"(1, 1)","{'clf__n_neighbors': 10, 'vect__max_df': 0.75, 'vect__min_df': 1, 'vect__ngram_range': (1, 1)}",56,0.6766467065868264,0.7747747747747747,0.682,0.762,0.6693386773547094,0.7602397602397603,0.00550527474326147,0.024510080679967863,0.005186634709011095,0.00647696741532668
65,4.556864658991496,1.3250701427459717,0.6993333333333334,0.7756651813318479,10,0.75,1,"(2, 2)","{'clf__n_neighbors': 10, 'vect__max_df': 0.75, 'vect__min_df': 1, 'vect__ngram_range': (2, 2)}",30,0.7005988023952096,0.7697697697697697,0.694,0.783,0.7034068136272545,0.7742257742257742,0.05702154280086167,0.011542095260575272,0.003941620412827636,0.005496281627851483
66,5.658471981684367,2.055044651031494,0.694,0.7766635123301789,10,0.75,1,"(1, 2)","{'clf__n_neighbors': 10, 'vect__max_df': 0.75, 'vect__min_df': 1, 'vect__ngram_range': (1, 2)}",39,0.6966067864271457,0.7637637637637638,0.686,0.793,0.6993987975951904,0.7732267732267732,0.044549233307362955,0.018947932046050664,0.0057705472759115245,0.012180524319965665
67,12.484042008717855,3.1120870113372803,0.692,0.7753248456581789,10,0.75,1,"(1, 3)","{'clf__n_neighbors': 10, 'vect__max_df': 0.75, 'vect__min_df': 1, 'vect__ngram_range': (1, 3)}",41,0.6946107784431138,0.7557557557557557,0.688,0.789,0.6933867735470942,0.7812187812187812,0.17041775963329983,0.011900561749988832,0.0028722285770440047,0.014197389458092673
68,1.4281782309214275,0.903169314066569,0.6853333333333333,0.7526698346698346,10,0.75,10,"(1, 1)","{'clf__n_neighbors': 10, 'vect__max_df': 0.75, 'vect__min_df': 10, 'vect__ngram_range': (1, 1)}",50,0.6726546906187625,0.7567567567567568,0.686,0.754,0.6973947895791583,0.7472527472527473,0.04256323996811164,0.027296933601304113,0.010111077931436783,0.003992372228575908
69,4.201059103012085,1.0945359865824382,0.6666666666666666,0.7756661763328431,10,0.75,10,"(2, 2)","{'clf__n_neighbors': 10, 'vect__max_df': 0.75, 'vect__min_df': 10, 'vect__ngram_range': (2, 2)}",63,0.6846307385229541,0.7637637637637638,0.632,0.798,0.6833667334669339,0.7652347652347652,0.036369195403226,0.005881200918777607,0.0245184659516188,0.015803812220024006
70,5.163675626118978,1.682230790456136,0.6953333333333334,0.7650035083368416,10,0.75,10,"(1, 2)","{'clf__n_neighbors': 10, 'vect__max_df': 0.75, 'vect__min_df': 10, 'vect__ngram_range': (1, 2)}",35,0.688622754491018,0.7677677677677678,0.69,0.77,0.7074148296593187,0.7572427572427572,0.024598865482698955,0.02124653075627707,0.008548625716999225,0.005562832512482808
71,11.221786896387735,2.328972657521566,0.69,0.7703341770008437,10,0.75,10,"(1, 3)","{'clf__n_neighbors': 10, 'vect__max_df': 0.75, 'vect__min_df': 10, 'vect__ngram_range': (1, 3)}",44,0.688622754491018,0.7667667667667668,0.682,0.78,0.6993987975951904,0.7642357642357642,0.10585566550914048,0.06685325339585162,0.007166154716100792,0.0069124329600727475
72,1.4254714647928874,0.8340515295664469,0.6753333333333333,0.7643358366691699,10,0.75,20,"(1, 1)","{'clf__n_neighbors': 10, 'vect__max_df': 0.75, 'vect__min_df': 20, 'vect__ngram_range': (1, 1)}",58,0.6506986027944112,0.7587587587587588,0.712,0.783,0.6633266533066132,0.7512487512487512,0.07541152318428261,0.020819121552663085,0.02643482663457879,0.013549004830122332
73,4.237452665964763,1.0702807903289795,0.6513333333333333,0.7543348343348343,10,0.75,20,"(2, 2)","{'clf__n_neighbors': 10, 'vect__max_df': 0.75, 'vect__min_df': 20, 'vect__ngram_range': (2, 2)}",72,0.654690618762475,0.7537537537537538,0.654,0.76,0.6452905811623246,0.7492507492507493,0.04352207680661799,0.024843244180400906,0.004275778423763865,0.004407557063260663
74,5.133729855219523,1.5881071885426838,0.6933333333333334,0.7670095143428477,10,0.75,20,"(1, 2)","{'clf__n_neighbors': 10, 'vect__max_df': 0.75, 'vect__min_df': 20, 'vect__ngram_range': (1, 2)}",40,0.6686626746506986,0.7857857857857858,0.718,0.758,0.6933867735470942,0.7572427572427572,0.05443921733859315,0.024024961546296273,0.0201519724197898,0.013280427481134782
75,11.258016665776571,2.259552001953125,0.704,0.7673401763401763,10,0.75,20,"(1, 3)","{'clf__n_neighbors': 10, 'vect__max_df': 0.75, 'vect__min_df': 20, 'vect__ngram_range': (1, 3)}",25,0.6866267465069861,0.7747747747747747,0.736,0.773,0.6893787575150301,0.7542457542457542,0.08487050887900259,0.058837961244134214,0.022655292002437055,0.009287460143134266
76,1.4102177619934082,0.8466145197550455,0.6873333333333334,0.7569985026651693,10,0.75,30,"(1, 1)","{'clf__n_neighbors': 10, 'vect__max_df': 0.75, 'vect__min_df': 30, 'vect__ngram_range': (1, 1)}",47,0.6686626746506986,0.7517517517517518,0.706,0.763,0.687374749498998,0.7562437562437563,0.05223246877210774,0.040561713550538496,0.015250539213935505,0.004622986320841516
77,4.137319962183635,1.01711901028951,0.6573333333333333,0.7359978259978259,10,0.75,30,"(2, 2)","{'clf__n_neighbors': 10, 'vect__max_df': 0.75, 'vect__min_df': 30, 'vect__ngram_range': (2, 2)}",66,0.6506986027944112,0.7357357357357357,0.662,0.73,0.6593186372745491,0.7422577422577422,0.06762749797602371,0.00848770379424806,0.004824210307606886,0.005007632826890154
78,5.022993564605713,1.645340363184611,0.7,0.7826661896661896,10,0.75,30,"(1, 2)","{'clf__n_neighbors': 10, 'vect__max_df': 0.75, 'vect__min_df': 30, 'vect__ngram_range': (1, 2)}",28,0.6946107784431138,0.7837837837837838,0.712,0.779,0.6933867735470942,0.7852147852147852,0.030283363978398266,0.13627009552250288,0.008499982176380576,0.0026573986371686517
79,11.115770896275839,2.2063444455464682,0.698,0.777663514330181,10,0.75,30,"(1, 3)","{'clf__n_neighbors': 10, 'vect__max_df': 0.75, 'vect__min_df': 30, 'vect__ngram_range': (1, 3)}",31,0.6926147704590818,0.7667667667667668,0.714,0.79,0.687374749498998,0.7762237762237763,0.15026716708060683,0.047942774958896664,0.011514177563847369,0.009539406549631507
80,1.3540585041046143,0.9486396312713623,0.5666666666666667,0.620300071633405,10,1.0,1,"(1, 1)","{'clf__n_neighbors': 10, 'vect__max_df': 1.0, 'vect__min_df': 1, 'vect__ngram_range': (1, 1)}",132,0.5329341317365269,0.5575575575575575,0.582,0.646,0.5851703406813628,0.6573426573426573,0.01023196881484102,0.03157064096464445,0.023923293891713493,0.04460666073818025
81,4.422147671381633,1.3251113096872966,0.6953333333333334,0.7623308409975077,10,1.0,1,"(2, 2)","{'clf__n_neighbors': 10, 'vect__max_df': 1.0, 'vect__min_df': 1, 'vect__ngram_range': (2, 2)}",35,0.688622754491018,0.7577577577577578,0.682,0.764,0.7154308617234469,0.7652347652347652,0.02756552786443934,0.019365381823298413,0.014445328379908213,0.0032727133528116124
82,5.505876700083415,2.080149014790853,0.5386666666666666,0.5633237093237092,10,1.0,1,"(1, 2)","{'clf__n_neighbors': 10, 'vect__max_df': 1.0, 'vect__min_df': 1, 'vect__ngram_range': (1, 2)}",137,0.5249500998003992,0.5495495495495496,0.53,0.562,0.561122244488978,0.5784215784215784,0.06513078760539144,0.01894616745492848,0.015988288166699834,0.011824062121427701
83,11.998789151509603,3.0343148708343506,0.536,0.5536580349913683,10,1.0,1,"(1, 3)","{'clf__n_neighbors': 10, 'vect__max_df': 1.0, 'vect__min_df': 1, 'vect__ngram_range': (1, 3)}",139,0.5289421157684631,0.5395395395395396,0.532,0.556,0.5470941883767535,0.5654345654345654,0.12330622089057924,0.05197870593474783,0.007931965098949183,0.010700519974974908
84,1.3924169540405273,0.9216519196828207,0.614,0.7223111519778186,10,1.0,10,"(1, 1)","{'clf__n_neighbors': 10, 'vect__max_df': 1.0, 'vect__min_df': 10, 'vect__ngram_range': (1, 1)}",105,0.5768463073852296,0.6946946946946947,0.596,0.711,0.6693386773547094,0.7612387612387612,0.010263636195981968,0.03531386897641781,0.039847217140843376,0.0283194258104959
85,4.1771096388498945,1.0797197818756104,0.6673333333333333,0.750663161329828,10,1.0,10,"(2, 2)","{'clf__n_neighbors': 10, 'vect__max_df': 1.0, 'vect__min_df': 10, 'vect__ngram_range': (2, 2)}",62,0.6826347305389222,0.7367367367367368,0.616,0.768,0.7034068136272545,0.7472527472527473,0.05218143871847569,0.013718524591916975,0.037275575209610966,0.012988997923881298
86,5.063952604929606,1.709818998972575,0.584,0.660318440651774,10,1.0,10,"(1, 2)","{'clf__n_neighbors': 10, 'vect__max_df': 1.0, 'vect__min_df': 10, 'vect__ngram_range': (1, 2)}",124,0.5668662674650699,0.6386386386386387,0.578,0.659,0.6072144288577155,0.6833166833166833,0.03187808516808038,0.02052058221243265,0.017009642441227612,0.018263545354567656
87,11.095962524414062,2.3623079458872476,0.58,0.6496547643214311,10,1.0,10,"(1, 3)","{'clf__n_neighbors': 10, 'vect__max_df': 1.0, 'vect__min_df': 10, 'vect__ngram_range': (1, 3)}",126,0.564870259481038,0.6286286286286287,0.574,0.656,0.6012024048096193,0.6643356643356644,0.13212693718514623,0.059098602972194776,0.015427353975315071,0.015252204465985008
88,1.4117182890574138,0.8663713137308756,0.6146666666666667,0.6913054563054564,10,1.0,20,"(1, 1)","{'clf__n_neighbors': 10, 'vect__max_df': 1.0, 'vect__min_df': 20, 'vect__ngram_range': (1, 1)}",104,0.5568862275449101,0.6426426426426426,0.624,0.705,0.6633266533066132,0.7262737262737263,0.05243120022391095,0.021358464119075236,0.04395234588242327,0.035488917824946
89,4.170375903447469,1.0706816514333088,0.6406666666666667,0.7333261569928237,10,1.0,20,"(2, 2)","{'clf__n_neighbors': 10, 'vect__max_df': 1.0, 'vect__min_df': 20, 'vect__ngram_range': (2, 2)}",89,0.6347305389221557,0.7247247247247247,0.64,0.729,0.6472945891783567,0.7462537462537463,0.024087808603700436,0.005369902856213128,0.005150858516665649,0.009306321068470494
90,5.043688058853149,1.6303898493448894,0.5753333333333334,0.6303197533197533,10,1.0,20,"(1, 2)","{'clf__n_neighbors': 10, 'vect__max_df': 1.0, 'vect__min_df': 20, 'vect__ngram_range': (1, 2)}",127,0.5508982035928144,0.6096096096096096,0.568,0.631,0.6072144288577155,0.6503496503496503,0.018460879617319136,0.025920187135393624,0.02356847426596069,0.01663900601066729
91,11.037951310475668,2.285589059193929,0.572,0.6326530886530887,10,1.0,20,"(1, 3)","{'clf__n_neighbors': 10, 'vect__max_df': 1.0, 'vect__min_df': 20, 'vect__ngram_range': (1, 3)}",128,0.5449101796407185,0.6126126126126126,0.564,0.632,0.6072144288577155,0.6533466533466533,0.0709124783842332,0.028435311493253002,0.02605700143664458,0.016636013389074868
92,1.3996444543202717,0.8519262472788492,0.6013333333333334,0.6703234443234444,10,1.0,30,"(1, 1)","{'clf__n_neighbors': 10, 'vect__max_df': 1.0, 'vect__min_df': 30, 'vect__ngram_range': (1, 1)}",114,0.5708582834331337,0.6516516516516516,0.62,0.678,0.6132264529058116,0.6813186813186813,0.05750444113671743,0.0055816222533023735,0.02175771103751399,0.013272284219569495
93,4.121107260386149,1.0146127541859944,0.6353333333333333,0.7086621416621416,10,1.0,30,"(2, 2)","{'clf__n_neighbors': 10, 'vect__max_df': 1.0, 'vect__min_df': 30, 'vect__ngram_range': (2, 2)}",96,0.6327345309381237,0.7057057057057057,0.622,0.701,0.6513026052104208,0.7192807192807192,0.03693951286498753,0.021977632424568638,0.01209755716678196,0.00775033588642006
94,5.061687310536702,1.6027137438456218,0.5693333333333334,0.6266594169927503,10,1.0,30,"(1, 2)","{'clf__n_neighbors': 10, 'vect__max_df': 1.0, 'vect__min_df': 30, 'vect__ngram_range': (1, 2)}",130,0.5469061876247505,0.6146146146146146,0.582,0.629,0.5791583166332666,0.6363636363636364,0.03321116880736105,0.014265577164807475,0.01592445183837312,0.009031933472231525
95,10.986687421798706,2.234010934829712,0.5693333333333334,0.630990750990751,10,1.0,30,"(1, 3)","{'clf__n_neighbors': 10, 'vect__max_df': 1.0, 'vect__min_df': 30, 'vect__ngram_range': (1, 3)}",130,0.5568862275449101,0.6126126126126126,0.568,0.64,0.5831663326653307,0.6403596403596403,0.14286414081768253,0.05037066985958375,0.010770132279425882,0.012996135655944633
96,1.399993896484375,0.8609623908996582,0.7046666666666667,0.756660501327168,20,0.5,1,"(1, 1)","{'clf__n_neighbors': 20, 'vect__max_df': 0.5, 'vect__min_df': 1, 'vect__ngram_range': (1, 1)}",24,0.7045908183632734,0.7427427427427428,0.692,0.766,0.717434869739479,0.7612387612387612,0.03283242505320972,0.025075688673434824,0.010378682713534523,0.010031462227948538
97,4.416758060455322,1.3080724080403645,0.7233333333333334,0.7766651859985193,20,0.5,1,"(2, 2)","{'clf__n_neighbors': 20, 'vect__max_df': 0.5, 'vect__min_df': 1, 'vect__ngram_range': (2, 2)}",7,0.718562874251497,0.7767767767767768,0.724,0.772,0.7274549098196392,0.7812187812187812,0.07415581115330318,0.011687666179163943,0.0036606309475565703,0.0037643787593955157
98,5.454049030939738,1.9506214459737141,0.7266666666666667,0.7749998466665134,20,0.5,1,"(1, 2)","{'clf__n_neighbors': 20, 'vect__max_df': 0.5, 'vect__min_df': 1, 'vect__ngram_range': (1, 2)}",3,0.7305389221556886,0.7697697697697697,0.728,0.785,0.7214428857715431,0.7702297702297702,0.08912282177471145,0.038109875778036505,0.0038312504547801723,0.00707366949212519
99,11.87002690633138,2.887392600377401,0.7306666666666667,0.7723291846625181,20,0.5,1,"(1, 3)","{'clf__n_neighbors': 20, 'vect__max_df': 0.5, 'vect__min_df': 1, 'vect__ngram_range': (1, 3)}",1,0.7325349301397206,0.7707707707707707,0.72,0.763,0.7394789579158316,0.7832167832167832,0.038445731417858925,0.054721866125559904,0.008057632636312902,0.008326706884160751
100,1.3596893151601155,0.7911246617635092,0.7146666666666667,0.755333834667168,20,0.5,10,"(1, 1)","{'clf__n_neighbors': 20, 'vect__max_df': 0.5, 'vect__min_df': 10, 'vect__ngram_range': (1, 1)}",17,0.7045908183632734,0.7527527527527528,0.714,0.762,0.7254509018036072,0.7512487512487512,0.022308504023510745,0.008482347206332097,0.008529113610634801,0.004753512758266118
101,4.181370099385579,1.0654926300048828,0.706,0.7456688276688276,20,0.5,10,"(2, 2)","{'clf__n_neighbors': 20, 'vect__max_df': 0.5, 'vect__min_df': 10, 'vect__ngram_range': (2, 2)}",21,0.716566866267465,0.7447447447447447,0.686,0.754,0.7154308617234469,0.7382617382617382,0.09415837421556296,0.015534093209481542,0.014149737931389402,0.0064582591861607605
102,5.082520643870036,1.7916377385457356,0.7293333333333333,0.7623311699978367,20,0.5,10,"(1, 2)","{'clf__n_neighbors': 20, 'vect__max_df': 0.5, 'vect__min_df': 10, 'vect__ngram_range': (1, 2)}",2,0.7385229540918163,0.7517517517517518,0.714,0.777,0.7354709418837675,0.7582417582417582,0.04677391133116255,0.04976177817853255,0.01091366173344445,0.010705480723578211
103,10.987239599227905,2.215233246485392,0.726,0.7636618366618366,20,0.5,10,"(1, 3)","{'clf__n_neighbors': 20, 'vect__max_df': 0.5, 'vect__min_df': 10, 'vect__ngram_range': (1, 3)}",4,0.7325349301397206,0.7477477477477478,0.706,0.781,0.7394789579158316,0.7622377622377622,0.18294812874620311,0.044201384965893355,0.014423472356297781,0.01361247126561598
104,1.3773123423258464,0.7686387697855631,0.692,0.7456711606711607,20,0.5,20,"(1, 1)","{'clf__n_neighbors': 20, 'vect__max_df': 0.5, 'vect__min_df': 20, 'vect__ngram_range': (1, 1)}",41,0.6846307385229541,0.7477477477477478,0.684,0.755,0.7074148296593187,0.7342657342657343,0.022743662947586903,0.006088432847394828,0.010886633489826955,0.008591142892528828
105,4.1090818246205645,1.0333937009175618,0.6866666666666666,0.7420018293351628,20,0.5,20,"(2, 2)","{'clf__n_neighbors': 20, 'vect__max_df': 0.5, 'vect__min_df': 20, 'vect__ngram_range': (2, 2)}",48,0.6766467065868264,0.7467467467467468,0.68,0.738,0.7034068136272545,0.7412587412587412,0.07638556491908918,0.02987373640766544,0.011898415845083412,0.003609296291515491
106,5.0320548216501875,1.5168952147165935,0.7126666666666667,0.7636698420031753,20,0.5,20,"(1, 2)","{'clf__n_neighbors': 20, 'vect__max_df': 0.5, 'vect__min_df': 20, 'vect__ngram_range': (1, 2)}",18,0.7005988023952096,0.7677677677677678,0.712,0.765,0.7254509018036072,0.7582417582417582,0.017510803126908964,0.02166783038990443,0.010156752333881388,0.004001100231585787
107,10.8749520778656,2.13614559173584,0.7153333333333334,0.7673365080031748,20,0.5,20,"(1, 3)","{'clf__n_neighbors': 20, 'vect__max_df': 0.5, 'vect__min_df': 20, 'vect__ngram_range': (1, 3)}",15,0.6926147704590818,0.7667667667667668,0.718,0.778,0.7354709418837675,0.7572427572427572,0.06330883638827393,0.06914720339927445,0.017597241336402995,0.008483679843406186
108,1.3489410082499187,0.7541596094767252,0.7113333333333334,0.7566681710015044,20,0.5,30,"(1, 1)","{'clf__n_neighbors': 20, 'vect__max_df': 0.5, 'vect__min_df': 30, 'vect__ngram_range': (1, 1)}",19,0.6966067864271457,0.7587587587587588,0.712,0.757,0.7254509018036072,0.7542457542457542,0.017745270645360516,0.03787237703821713,0.01178496922108827,0.0018573072437953035
109,4.236085255940755,1.0782132943471272,0.6713333333333333,0.7296621549954883,20,0.5,30,"(2, 2)","{'clf__n_neighbors': 20, 'vect__max_df': 0.5, 'vect__min_df': 30, 'vect__ngram_range': (2, 2)}",59,0.6606786427145709,0.7257257257257257,0.668,0.724,0.685370741482966,0.7392607392607392,0.11144391632974457,0.047816621189145835,0.010352380049393987,0.006823691437091302
110,5.08621350924174,1.469244162241618,0.7206666666666667,0.7723395163395163,20,0.5,30,"(1, 2)","{'clf__n_neighbors': 20, 'vect__max_df': 0.5, 'vect__min_df': 30, 'vect__ngram_range': (1, 2)}",9,0.7145708582834331,0.7837837837837838,0.72,0.768,0.7274549098196392,0.7652347652347652,0.02373575722862724,0.0357852525726729,0.0052809635062459935,0.008170682298260271
111,10.869365056355795,2.109259287516276,0.7226666666666667,0.777671187337854,20,0.5,30,"(1, 3)","{'clf__n_neighbors': 20, 'vect__max_df': 0.5, 'vect__min_df': 30, 'vect__ngram_range': (1, 3)}",8,0.7145708582834331,0.7877877877877878,0.718,0.771,0.7354709418837675,0.7742257742257742,0.01849144109534488,0.049077725702690575,0.009148270151421346,0.0072737247833838045
112,1.3641793727874756,0.8907413482666016,0.7013333333333334,0.7576665013331679,20,0.75,1,"(1, 1)","{'clf__n_neighbors': 20, 'vect__max_df': 0.75, 'vect__min_df': 1, 'vect__ngram_range': (1, 1)}",26,0.716566866267465,0.7517517517517518,0.69,0.769,0.6973947895791583,0.7522477522477522,0.005417122227774706,0.03506477843136067,0.011201937240209462,0.008016551550649046
113,4.432963927586873,1.2888557116190593,0.706,0.7576551719885053,20,0.75,1,"(2, 2)","{'clf__n_neighbors': 20, 'vect__max_df': 0.75, 'vect__min_df': 1, 'vect__ngram_range': (2, 2)}",21,0.7005988023952096,0.7407407407407407,0.696,0.757,0.7214428857715431,0.7752247752247752,0.07285326848271335,0.01552262465020098,0.011064011282052436,0.014085668752906531
114,5.4824700355529785,2.0151638984680176,0.72,0.7579998386665053,20,0.75,1,"(1, 2)","{'clf__n_neighbors': 20, 'vect__max_df': 0.75, 'vect__min_df': 1, 'vect__ngram_range': (1, 2)}",11,0.7145708582834331,0.7577577577577578,0.72,0.758,0.7254509018036072,0.7582417582417582,0.060069523055429314,0.0129328550094101,0.004441750283756256,0.00019759240310891893
115,11.877576271692911,3.0053033034006753,0.7153333333333334,0.759329174662508,20,0.75,1,"(1, 3)","{'clf__n_neighbors': 20, 'vect__max_df': 0.75, 'vect__min_df': 1, 'vect__ngram_range': (1, 3)}",15,0.6926147704590818,0.7557557557557557,0.72,0.754,0.7334669338677354,0.7682317682317682,0.12124690246634323,0.015602962779853723,0.017001107380126983,0.006335760873172876
116,1.347177267074585,0.8830575148264567,0.7013333333333334,0.7473448303448303,20,0.75,10,"(1, 1)","{'clf__n_neighbors': 20, 'vect__max_df': 0.75, 'vect__min_df': 10, 'vect__ngram_range': (1, 1)}",26,0.6986027944111777,0.7627627627627628,0.694,0.751,0.7114228456913828,0.7282717282717283,0.015346568022496876,0.037310107838669955,0.007367568467565197,0.014316146221929235
117,4.315682093302409,1.0812315940856934,0.7053333333333334,0.7406618286618286,20,0.75,10,"(2, 2)","{'clf__n_neighbors': 20, 'vect__max_df': 0.75, 'vect__min_df': 10, 'vect__ngram_range': (2, 2)}",23,0.7025948103792415,0.7357357357357357,0.686,0.736,0.7274549098196392,0.7502497502497503,0.12516531388147914,0.015343408407619542,0.01702623174898864,0.006780542710945874
118,5.487027406692505,1.647139310836792,0.718,0.7623325053325054,20,0.75,10,"(1, 2)","{'clf__n_neighbors': 20, 'vect__max_df': 0.75, 'vect__min_df': 10, 'vect__ngram_range': (1, 2)}",12,0.7225548902195609,0.7567567567567568,0.716,0.771,0.7154308617234469,0.7592407592407593,0.059418960563781625,0.0296676858110174,0.0032339753402047793,0.006212174334504722
119,10.908853689829508,2.3156413237253823,0.7253333333333334,0.7606608369941704,20,0.75,10,"(1, 3)","{'clf__n_neighbors': 20, 'vect__max_df': 0.75, 'vect__min_df': 10, 'vect__ngram_range': (1, 3)}",6,0.7265469061876247,0.7467467467467468,0.718,0.771,0.7314629258517034,0.7642357642357642,0.06940369577113918,0.02566338902194952,0.005560283056373175,0.010218941625844531
120,1.3757638136545818,0.8242310682932535,0.6946666666666667,0.7490044973378307,20,0.75,20,"(1, 1)","{'clf__n_neighbors': 20, 'vect__max_df': 0.75, 'vect__min_df': 20, 'vect__ngram_range': (1, 1)}",37,0.6746506986027944,0.7527527527527528,0.712,0.755,0.6973947895791583,0.7392607392607392,0.03505112531311936,0.010625740447028638,0.015376523981380164,0.0069506904283545235
121,4.130329926808675,1.0468777020772297,0.6713333333333333,0.7216631459964793,20,0.75,20,"(2, 2)","{'clf__n_neighbors': 20, 'vect__max_df': 0.75, 'vect__min_df': 20, 'vect__ngram_range': (2, 2)}",59,0.654690618762475,0.7137137137137137,0.658,0.727,0.7014028056112225,0.7242757242757243,0.024569429476105888,0.009221605537030272,0.021273430241391198,0.005730068339858693
122,5.080851952234904,1.5798590977986653,0.7173333333333334,0.7583381710048377,20,0.75,20,"(1, 2)","{'clf__n_neighbors': 20, 'vect__max_df': 0.75, 'vect__min_df': 20, 'vect__ngram_range': (1, 2)}",14,0.6986027944111777,0.7637637637637638,0.73,0.762,0.7234468937875751,0.7492507492507493,0.04745598624473276,0.016195636423880805,0.01353119936936208,0.0064659952188919675
123,10.863852659861246,2.2032384077707925,0.7206666666666667,0.7596741710075042,20,0.75,20,"(1, 3)","{'clf__n_neighbors': 20, 'vect__max_df': 0.75, 'vect__min_df': 20, 'vect__ngram_range': (1, 3)}",9,0.7025948103792415,0.7677677677677678,0.73,0.766,0.7294589178356713,0.7452547452547452,0.06378498334314428,0.06237930134998447,0.012799809347817517,0.010221582721532228
124,1.3481489817301433,0.8062063852945963,0.7073333333333334,0.7526758353425019,20,0.75,30,"(1, 1)","{'clf__n_neighbors': 20, 'vect__max_df': 0.75, 'vect__min_df': 30, 'vect__ngram_range': (1, 1)}",20,0.6826347305389222,0.7667667667667668,0.716,0.752,0.7234468937875751,0.7392607392607392,0.034172378484662216,0.022962736298216633,0.01775274316754714,0.011239452903299097
125,4.085356791814168,1.0353866418202717,0.666,0.703667139333806,20,0.75,30,"(2, 2)","{'clf__n_neighbors': 20, 'vect__max_df': 0.75, 'vect__min_df': 30, 'vect__ngram_range': (2, 2)}",64,0.6686626746506986,0.7097097097097097,0.652,0.693,0.6773547094188377,0.7082917082917083,0.042315048677997,0.002900515957638917,0.010516266496913753,0.007564988573707489
126,5.047442038853963,1.5169799327850342,0.718,0.7546708370041704,20,0.75,30,"(1, 2)","{'clf__n_neighbors': 20, 'vect__max_df': 0.75, 'vect__min_df': 30, 'vect__ngram_range': (1, 2)}",12,0.718562874251497,0.7617617617617618,0.71,0.753,0.7254509018036072,0.7492507492507493,0.052066169963839525,0.03478092343577776,0.006317234808824384,0.005242463208172062
127,10.866207838058472,2.1540412108103433,0.726,0.7623331759998426,20,0.75,30,"(1, 3)","{'clf__n_neighbors': 20, 'vect__max_df': 0.75, 'vect__min_df': 30, 'vect__ngram_range': (1, 3)}",4,0.7145708582834331,0.7637637637637638,0.732,0.759,0.7314629258517034,0.7642357642357642,0.048440523155297545,0.04216392624721865,0.008096715438612744,0.002364775224813482
128,1.3881270090738933,0.9371511936187744,0.544,0.5579807016473683,20,1.0,1,"(1, 1)","{'clf__n_neighbors': 20, 'vect__max_df': 1.0, 'vect__min_df': 1, 'vect__ngram_range': (1, 1)}",136,0.5109780439121756,0.5235235235235235,0.546,0.569,0.5751503006012024,0.5814185814185814,0.00868255818936569,0.020208171002112946,0.026236304542396442,0.02488678544001829
129,4.496400356292725,1.3273920218149822,0.684,0.7326481569814903,20,1.0,1,"(2, 2)","{'clf__n_neighbors': 20, 'vect__max_df': 1.0, 'vect__min_df': 1, 'vect__ngram_range': (2, 2)}",52,0.6606786427145709,0.7077077077077077,0.656,0.727,0.7354709418837675,0.7632367632367633,0.0329041718250312,0.008493817919883559,0.03639108324727946,0.02301876422910812
130,5.559727748235066,2.080991506576538,0.5133333333333333,0.517664345331012,20,1.0,1,"(1, 2)","{'clf__n_neighbors': 20, 'vect__max_df': 1.0, 'vect__min_df': 1, 'vect__ngram_range': (1, 2)}",143,0.5129740518962076,0.5145145145145145,0.51,0.517,0.5170340681362725,0.5214785214785215,0.023751895152834993,0.02466172105112029,0.002881463727228356,0.0028815926484975374
131,11.942555030186972,3.0463592211405435,0.5113333333333333,0.5166650106650107,20,1.0,1,"(1, 3)","{'clf__n_neighbors': 20, 'vect__max_df': 1.0, 'vect__min_df': 1, 'vect__ngram_range': (1, 3)}",144,0.5109780439121756,0.5135135135135135,0.51,0.518,0.5130260521042084,0.5184815184815185,0.09374076174819045,0.03309196873993727,0.0012601358465536014,0.002237098676698913
132,1.3873320420583088,0.8908139069875082,0.554,0.6009977346644013,20,1.0,10,"(1, 1)","{'clf__n_neighbors': 20, 'vect__max_df': 1.0, 'vect__min_df': 10, 'vect__ngram_range': (1, 1)}",133,0.5329341317365269,0.5985985985985987,0.56,0.599,0.5691382765531062,0.6053946053946054,0.034345962870212535,0.016767306047800086,0.015377119685534084,0.0031133727622259595
133,4.176617701848348,1.0687429904937744,0.6866666666666666,0.7169944786611454,20,1.0,10,"(2, 2)","{'clf__n_neighbors': 20, 'vect__max_df': 1.0, 'vect__min_df': 10, 'vect__ngram_range': (2, 2)}",48,0.6806387225548902,0.7097097097097097,0.67,0.715,0.7094188376753507,0.7262737262737263,0.026424052096503975,0.010937483342271364,0.01664143947349601,0.006907730936208475
134,5.087132612864177,1.6850262482961018,0.5353333333333333,0.5630013723347056,20,1.0,10,"(1, 2)","{'clf__n_neighbors': 20, 'vect__max_df': 1.0, 'vect__min_df': 10, 'vect__ngram_range': (1, 2)}",141,0.5269461077844312,0.5605605605605606,0.538,0.572,0.5410821643286573,0.5564435564435565,0.054129449221974844,0.02735058530028538,0.00607125232334748,0.006581231172498902
135,10.82714327176412,2.3901943365732827,0.52,0.5560037026703694,20,1.0,10,"(1, 3)","{'clf__n_neighbors': 20, 'vect__max_df': 1.0, 'vect__min_df': 10, 'vect__ngram_range': (1, 3)}",142,0.5169660678642715,0.5595595595595596,0.52,0.56,0.5230460921843687,0.5484515484515484,0.06994551048233676,0.031662917573706276,0.0024821545703343773,0.0053432057764376505
136,1.3473621209462483,0.8782208760579427,0.5826666666666667,0.61464774331441,20,1.0,20,"(1, 1)","{'clf__n_neighbors': 20, 'vect__max_df': 1.0, 'vect__min_df': 20, 'vect__ngram_range': (1, 1)}",125,0.5409181636726547,0.5865865865865866,0.588,0.614,0.6192384769539078,0.6433566433566433,0.029559742750298563,0.018732234060935295,0.03219570434473382,0.02318080405522191
137,4.214062611262004,1.1072273254394531,0.6513333333333333,0.6899974616641283,20,1.0,20,"(2, 2)","{'clf__n_neighbors': 20, 'vect__max_df': 1.0, 'vect__min_df': 20, 'vect__ngram_range': (2, 2)}",72,0.656686626746507,0.6886886886886887,0.622,0.685,0.6753507014028056,0.6963036963036963,0.08736184308272697,0.05246392325066692,0.022097057204970728,0.0047065948453547364
138,5.341584364573161,1.6740914185841878,0.538,0.56166637333304,20,1.0,20,"(1, 2)","{'clf__n_neighbors': 20, 'vect__max_df': 1.0, 'vect__min_df': 20, 'vect__ngram_range': (1, 2)}",138,0.5249500998003992,0.5595595595595596,0.546,0.565,0.5430861723446894,0.5604395604395604,0.05426837905849937,0.03148149187072969,0.009317687585655288,0.002384449685385208
139,11.289177894592285,2.360664208730062,0.536,0.5606637046637046,20,1.0,20,"(1, 3)","{'clf__n_neighbors': 20, 'vect__max_df': 1.0, 'vect__min_df': 20, 'vect__ngram_range': (1, 3)}",139,0.5229540918163673,0.5525525525525525,0.538,0.568,0.5470941883767535,0.5614385614385614,0.06390664932983459,0.025803841718374368,0.009956086337576973,0.00633015062625256
140,1.406041940053304,0.8862222830454508,0.572,0.6133317419984087,20,1.0,30,"(1, 1)","{'clf__n_neighbors': 20, 'vect__max_df': 1.0, 'vect__min_df': 30, 'vect__ngram_range': (1, 1)}",128,0.5429141716566867,0.6106106106106106,0.574,0.614,0.5991983967935872,0.6153846153846154,0.0029648094466582504,0.011653170082697506,0.023021371692427132,0.002005443751903516
141,4.295826991399129,1.0604793230692546,0.6386666666666667,0.6773347883347883,20,1.0,30,"(2, 2)","{'clf__n_neighbors': 20, 'vect__max_df': 1.0, 'vect__min_df': 30, 'vect__ngram_range': (2, 2)}",92,0.6227544910179641,0.6846846846846847,0.626,0.667,0.6673346693386774,0.6803196803196803,0.044592605849466185,0.01752231307977096,0.020284302974100978,0.007521932518543535
142,5.213623126347859,1.64187757174174,0.55,0.5686703806703807,20,1.0,30,"(1, 2)","{'clf__n_neighbors': 20, 'vect__max_df': 1.0, 'vect__min_df': 30, 'vect__ngram_range': (1, 2)}",134,0.5389221556886228,0.5765765765765766,0.56,0.564,0.5511022044088176,0.5654345654345654,0.04297979242219352,0.033235902976125574,0.008644391181685137,0.005621117609922695
143,9.800350586573282,1.56098739306132,0.55,0.5646733776733778,20,1.0,30,"(1, 3)","{'clf__n_neighbors': 20, 'vect__max_df': 1.0, 'vect__min_df': 30, 'vect__ngram_range': (1, 3)}",134,0.5369261477045908,0.5765765765765766,0.56,0.561,0.5531062124248497,0.5564435564435565,0.36312869171139717,0.18118065586402798,0.009676375416220271,0.008619934360446146
