,mean_fit_time,mean_score_time,mean_test_score,mean_train_score,param_clf__C,param_vect__max_df,param_vect__min_df,param_vect__ngram_range,params,rank_test_score,split0_test_score,split0_train_score,split1_test_score,split1_train_score,split2_test_score,split2_train_score,std_fit_time,std_score_time,std_test_score,std_train_score
0,2.076219161351522,1.083004315694173,0.834,1.0,1,0.5,1,"(1, 1)","{'clf__C': 1, 'vect__max_df': 0.5, 'vect__min_df': 1, 'vect__ngram_range': (1, 1)}",43,0.8403193612774451,1.0,0.836,1.0,0.8256513026052105,1.0,0.02567107324308532,0.021123638803138535,0.006152927279004909,0.0
1,5.34201995531718,1.1075209776560466,0.8153333333333334,1.0,1,0.5,1,"(2, 2)","{'clf__C': 1, 'vect__max_df': 0.5, 'vect__min_df': 1, 'vect__ngram_range': (2, 2)}",91,0.812375249500998,1.0,0.806,1.0,0.8276553106212425,1.0,0.3890437051593423,0.010712889795362574,0.009081232178240545,0.0
2,6.046541690826416,1.648542006810506,0.8286666666666667,1.0,1,0.5,1,"(1, 2)","{'clf__C': 1, 'vect__max_df': 0.5, 'vect__min_df': 1, 'vect__ngram_range': (1, 2)}",65,0.8343313373253493,1.0,0.818,1.0,0.8336673346693386,1.0,0.14065637282924498,0.05660335085237628,0.007547342038723792,0.0
3,13.90563440322876,2.3839358488718667,0.8253333333333334,1.0,1,0.5,1,"(1, 3)","{'clf__C': 1, 'vect__max_df': 0.5, 'vect__min_df': 1, 'vect__ngram_range': (1, 3)}",72,0.8263473053892215,1.0,0.818,1.0,0.8316633266533067,1.0,0.32381058084748476,0.11198807937217824,0.0056212884402838375,0.0
4,1.4615569909413655,0.7058066527048746,0.8393333333333334,1.0,1,0.5,10,"(1, 1)","{'clf__C': 1, 'vect__max_df': 0.5, 'vect__min_df': 10, 'vect__ngram_range': (1, 1)}",27,0.8423153692614771,1.0,0.838,1.0,0.8376753507014028,1.0,0.04887669082920725,0.07558385958706679,0.0021159323970013372,0.0
5,4.118201573689778,0.9597190221150717,0.804,1.0,1,0.5,10,"(2, 2)","{'clf__C': 1, 'vect__max_df': 0.5, 'vect__min_df': 10, 'vect__ngram_range': (2, 2)}",113,0.7904191616766467,1.0,0.808,1.0,0.8136272545090181,1.0,0.05432204834472271,0.022162963103286436,0.009887815890054413,0.0
6,5.16617767016093,1.3676655292510986,0.848,1.0,1,0.5,10,"(1, 2)","{'clf__C': 1, 'vect__max_df': 0.5, 'vect__min_df': 10, 'vect__ngram_range': (1, 2)}",14,0.8522954091816367,1.0,0.848,1.0,0.843687374749499,1.0,0.04450365349063972,0.014028036975380508,0.0035142083127365983,0.0
7,11.055394331614176,2.0347506205240884,0.8553333333333333,1.0,1,0.5,10,"(1, 3)","{'clf__C': 1, 'vect__max_df': 0.5, 'vect__min_df': 10, 'vect__ngram_range': (1, 3)}",6,0.8502994011976048,1.0,0.854,1.0,0.8617234468937875,1.0,0.11566897826228156,0.04445472323033616,0.004758179472699687,0.0
8,1.388822873433431,0.6375939846038818,0.83,1.0,1,0.5,20,"(1, 1)","{'clf__C': 1, 'vect__max_df': 0.5, 'vect__min_df': 20, 'vect__ngram_range': (1, 1)}",54,0.8423153692614771,1.0,0.82,1.0,0.8276553106212425,1.0,0.06202929747797117,0.02342255041527202,0.009263876615343444,0.0
9,4.08582329750061,0.9074125289916992,0.7653333333333333,1.0,1,0.5,20,"(2, 2)","{'clf__C': 1, 'vect__max_df': 0.5, 'vect__min_df': 20, 'vect__ngram_range': (2, 2)}",128,0.7584830339321357,1.0,0.78,1.0,0.7575150300601202,1.0,0.00795597325127949,0.023513778633985655,0.01037842602936052,0.0
10,5.148467063903809,1.3453629811604817,0.8393333333333334,1.0,1,0.5,20,"(1, 2)","{'clf__C': 1, 'vect__max_df': 0.5, 'vect__min_df': 20, 'vect__ngram_range': (1, 2)}",27,0.8403193612774451,1.0,0.836,1.0,0.8416833667334669,1.0,0.057790525746226645,0.020166342693677994,0.0024219082275259425,0.0
11,11.013238986333212,1.9346025784810383,0.846,1.0,1,0.5,20,"(1, 3)","{'clf__C': 1, 'vect__max_df': 0.5, 'vect__min_df': 20, 'vect__ngram_range': (1, 3)}",16,0.8582834331337326,1.0,0.838,1.0,0.8416833667334669,1.0,0.0765188107570105,0.04949524181153475,0.008827618612857531,0.0
12,1.4157439867655437,0.6148114204406738,0.8253333333333334,0.9996663329996663,1,0.5,30,"(1, 1)","{'clf__C': 1, 'vect__max_df': 0.5, 'vect__min_df': 30, 'vect__ngram_range': (1, 1)}",72,0.8363273453093812,0.998998998998999,0.812,1.0,0.8276553106212425,1.0,0.024009303523605523,0.017099781230252502,0.010070892199377292,0.0004718763971882093
13,4.126096248626709,0.9931620756785074,0.726,0.9956679966679967,1,0.5,30,"(2, 2)","{'clf__C': 1, 'vect__max_df': 0.5, 'vect__min_df': 30, 'vect__ngram_range': (2, 2)}",138,0.7105788423153693,0.996996996996997,0.724,0.997,0.7434869739478958,0.993006993006993,0.0511119001354439,0.0834209696174401,0.013508890873317346,0.0018816141328502724
14,5.288574616114299,1.3359089692433674,0.826,1.0,1,0.5,30,"(1, 2)","{'clf__C': 1, 'vect__max_df': 0.5, 'vect__min_df': 30, 'vect__ngram_range': (1, 2)}",69,0.8363273453093812,1.0,0.808,1.0,0.8336673346693386,1.0,0.18248972098706814,0.004479758028941062,0.01277416421468549,0.0
15,11.10956327120463,1.9094637235005696,0.8266666666666667,1.0,1,0.5,30,"(1, 3)","{'clf__C': 1, 'vect__max_df': 0.5, 'vect__min_df': 30, 'vect__ngram_range': (1, 3)}",67,0.8383233532934131,1.0,0.816,1.0,0.8256513026052105,1.0,0.12197130208934547,0.058646778237388925,0.009146160940108863,0.0
16,1.444659948348999,0.6829520066579183,0.8346666666666667,1.0,1,0.75,1,"(1, 1)","{'clf__C': 1, 'vect__max_df': 0.75, 'vect__min_df': 1, 'vect__ngram_range': (1, 1)}",42,0.8403193612774451,1.0,0.836,1.0,0.8276553106212425,1.0,0.048113611136120976,0.0182991383708953,0.005255328579062743,0.0
17,4.660209655761719,1.1230343182881672,0.81,1.0,1,0.75,1,"(2, 2)","{'clf__C': 1, 'vect__max_df': 0.75, 'vect__min_df': 1, 'vect__ngram_range': (2, 2)}",100,0.8143712574850299,1.0,0.798,1.0,0.8176352705410822,1.0,0.05744391431211389,0.05023730677295488,0.00858927372380763,0.0
18,5.889151334762573,1.566320816675822,0.8313333333333334,1.0,1,0.75,1,"(1, 2)","{'clf__C': 1, 'vect__max_df': 0.75, 'vect__min_df': 1, 'vect__ngram_range': (1, 2)}",51,0.8303393213572854,1.0,0.818,1.0,0.845691382765531,1.0,0.06155833176585199,0.013551002369003444,0.011321205619490656,0.0
19,12.711352030436197,2.400766293207804,0.8266666666666667,1.0,1,0.75,1,"(1, 3)","{'clf__C': 1, 'vect__max_df': 0.75, 'vect__min_df': 1, 'vect__ngram_range': (1, 3)}",67,0.8243512974051896,1.0,0.816,1.0,0.8396793587174348,1.0,0.15324553113308204,0.06841990861722011,0.009800355921491049,0.0
20,1.443463961283366,0.6689740816752116,0.8386666666666667,1.0,1,0.75,10,"(1, 1)","{'clf__C': 1, 'vect__max_df': 0.75, 'vect__min_df': 10, 'vect__ngram_range': (1, 1)}",29,0.846307385229541,1.0,0.832,1.0,0.8376753507014028,1.0,0.05779402392187941,0.004073499000376165,0.0058856471660617485,0.0
21,4.2059305508931475,1.0102179845174153,0.812,1.0,1,0.75,10,"(2, 2)","{'clf__C': 1, 'vect__max_df': 0.75, 'vect__min_df': 10, 'vect__ngram_range': (2, 2)}",99,0.8083832335329342,1.0,0.802,1.0,0.8256513026052105,1.0,0.11246694907534477,0.028983785912582986,0.009984863684097605,0.0
22,6.149235645929973,1.516111930211385,0.8533333333333334,1.0,1,0.75,10,"(1, 2)","{'clf__C': 1, 'vect__max_df': 0.75, 'vect__min_df': 10, 'vect__ngram_range': (1, 2)}",9,0.8502994011976048,1.0,0.854,1.0,0.8557114228456913,1.0,0.14782396655676996,0.1285714291535199,0.0022591736871688693,0.0
23,12.491872072219849,2.381465276082357,0.864,1.0,1,0.75,10,"(1, 3)","{'clf__C': 1, 'vect__max_df': 0.75, 'vect__min_df': 10, 'vect__ngram_range': (1, 3)}",1,0.8602794411177644,1.0,0.856,1.0,0.875751503006012,1.0,0.190154917039614,0.22790698666697196,0.008479226984568095,0.0
24,1.5256501038869221,0.7387059529622396,0.8366666666666667,0.9996666666666667,1,0.75,20,"(1, 1)","{'clf__C': 1, 'vect__max_df': 0.75, 'vect__min_df': 20, 'vect__ngram_range': (1, 1)}",39,0.8542914171656687,1.0,0.816,0.999,0.8396793587174348,1.0,0.0914148438765664,0.03533605171548264,0.015784194263983045,0.00047140452079103207
25,4.922373215357463,1.0363647143046062,0.7753333333333333,0.9996666666666667,1,0.75,20,"(2, 2)","{'clf__C': 1, 'vect__max_df': 0.75, 'vect__min_df': 20, 'vect__ngram_range': (2, 2)}",127,0.7724550898203593,1.0,0.778,0.999,0.7755511022044088,1.0,0.061791758397032034,0.06887343246396527,0.0022700435999612857,0.00047140452079103207
26,5.950541893641154,1.5479117234547932,0.8453333333333334,1.0,1,0.75,20,"(1, 2)","{'clf__C': 1, 'vect__max_df': 0.75, 'vect__min_df': 20, 'vect__ngram_range': (1, 2)}",19,0.8522954091816367,1.0,0.838,1.0,0.845691382765531,1.0,0.04925682629679534,0.013041714214217986,0.005844460679214344,0.0
27,12.157741864522299,1.9678861300150554,0.8513333333333334,1.0,1,0.75,20,"(1, 3)","{'clf__C': 1, 'vect__max_df': 0.75, 'vect__min_df': 20, 'vect__ngram_range': (1, 3)}",10,0.8602794411177644,1.0,0.846,1.0,0.8476953907815631,1.0,0.17051341262182057,0.049744078839793246,0.006373003252837854,0.0
28,1.5632706483205159,0.6731589635213217,0.8306666666666667,0.9993326659993326,1,0.75,30,"(1, 1)","{'clf__C': 1, 'vect__max_df': 0.75, 'vect__min_df': 30, 'vect__ngram_range': (1, 1)}",52,0.846307385229541,0.997997997997998,0.814,1.0,0.8316633266533067,1.0,0.1829801518466105,0.023928221788059992,0.013214770316604797,0.0009437527943764186
29,4.165236155192058,0.9657900333404541,0.7406666666666667,0.9950019960019961,1,0.75,30,"(2, 2)","{'clf__C': 1, 'vect__max_df': 0.75, 'vect__min_df': 30, 'vect__ngram_range': (2, 2)}",137,0.7285429141716567,0.996996996996997,0.738,0.997,0.7555110220440882,0.991008991008991,0.04893235464845379,0.046864314577975824,0.011169969161678278,0.0028234811740271834
30,5.12547492980957,1.3407481511433919,0.8373333333333334,1.0,1,0.75,30,"(1, 2)","{'clf__C': 1, 'vect__max_df': 0.75, 'vect__min_df': 30, 'vect__ngram_range': (1, 2)}",38,0.844311377245509,1.0,0.826,1.0,0.8416833667334669,1.0,0.08233039809913197,0.03436859479964241,0.008085375119714409,0.0
31,11.127066771189371,1.9604090054829915,0.84,1.0,1,0.75,30,"(1, 3)","{'clf__C': 1, 'vect__max_df': 0.75, 'vect__min_df': 30, 'vect__ngram_range': (1, 3)}",24,0.8542914171656687,1.0,0.826,1.0,0.8396793587174348,1.0,0.07390595801876057,0.00868742101822455,0.011557907812731484,0.0
32,1.5044557253519695,0.6825962066650391,0.834,1.0,1,1.0,1,"(1, 1)","{'clf__C': 1, 'vect__max_df': 1.0, 'vect__min_df': 1, 'vect__ngram_range': (1, 1)}",43,0.844311377245509,1.0,0.826,1.0,0.8316633266533067,1.0,0.031149586499983933,0.03742673912835004,0.007659118137772958,0.0
33,4.724883238474528,1.1340763568878174,0.8073333333333333,1.0,1,1.0,1,"(2, 2)","{'clf__C': 1, 'vect__max_df': 1.0, 'vect__min_df': 1, 'vect__ngram_range': (2, 2)}",104,0.8163672654690619,1.0,0.798,1.0,0.8076152304609219,1.0,0.02945480708249922,0.05145801983994685,0.007504788956888068,0.0
34,6.332563400268555,1.706553300221761,0.8126666666666666,1.0,1,1.0,1,"(1, 2)","{'clf__C': 1, 'vect__max_df': 1.0, 'vect__min_df': 1, 'vect__ngram_range': (1, 2)}",98,0.8163672654690619,1.0,0.806,1.0,0.8156312625250501,1.0,0.17315720453018243,0.061584159761016784,0.004723611462643909,0.0
35,14.35451833407084,2.847912391026815,0.76,1.0,1,1.0,1,"(1, 3)","{'clf__C': 1, 'vect__max_df': 1.0, 'vect__min_df': 1, 'vect__ngram_range': (1, 3)}",129,0.7564870259481038,1.0,0.74,1.0,0.7835671342685371,1.0,0.47918649155277854,0.39512350487187936,0.01795053078749732,0.0
36,1.7552411556243896,0.7340798377990723,0.834,0.999332999666333,1,1.0,10,"(1, 1)","{'clf__C': 1, 'vect__max_df': 1.0, 'vect__min_df': 10, 'vect__ngram_range': (1, 1)}",43,0.846307385229541,0.998998998998999,0.822,0.999,0.8336673346693386,1.0,0.14598710821513922,0.024037398530026333,0.00993118186220352,0.0004716406360317575
37,4.67869774500529,1.061423619588216,0.8093333333333333,1.0,1,1.0,10,"(2, 2)","{'clf__C': 1, 'vect__max_df': 1.0, 'vect__min_df': 10, 'vect__ngram_range': (2, 2)}",101,0.8043912175648703,1.0,0.804,1.0,0.8196392785571143,1.0,0.07031116204789423,0.02695683134018894,0.007278229722295904,0.0
38,5.539400339126587,1.4253102938334148,0.848,1.0,1,1.0,10,"(1, 2)","{'clf__C': 1, 'vect__max_df': 1.0, 'vect__min_df': 10, 'vect__ngram_range': (1, 2)}",14,0.8662674650698603,1.0,0.83,1.0,0.8476953907815631,1.0,0.11973344084267906,0.059999313796372376,0.014815085575645854,0.0
39,12.347786823908487,2.1745192209879556,0.85,1.0,1,1.0,10,"(1, 3)","{'clf__C': 1, 'vect__max_df': 1.0, 'vect__min_df': 10, 'vect__ngram_range': (1, 3)}",13,0.8602794411177644,1.0,0.84,1.0,0.8496993987975952,1.0,0.2146815368693041,0.05741885493283074,0.008285900149726152,0.0
40,1.6641656557718914,0.6858932971954346,0.8233333333333334,0.9976663316663316,1,1.0,20,"(1, 1)","{'clf__C': 1, 'vect__max_df': 1.0, 'vect__min_df': 20, 'vect__ngram_range': (1, 1)}",76,0.8403193612774451,0.996996996996997,0.804,0.998,0.8256513026052105,0.998001998001998,0.19517894865527818,0.030149802770702734,0.014924724553224137,0.00047329178645103855
41,4.438919385274251,0.9613539377848307,0.7773333333333333,0.9996666666666667,1,1.0,20,"(2, 2)","{'clf__C': 1, 'vect__max_df': 1.0, 'vect__min_df': 20, 'vect__ngram_range': (2, 2)}",126,0.7764471057884231,1.0,0.782,0.999,0.7735470941883767,1.0,0.02702636665956358,0.012433628979669558,0.0035057896631493397,0.00047140452079103207
42,5.590117692947388,1.4388819535573323,0.8413333333333334,0.999332999666333,1,1.0,20,"(1, 2)","{'clf__C': 1, 'vect__max_df': 1.0, 'vect__min_df': 20, 'vect__ngram_range': (1, 2)}",22,0.8522954091816367,0.998998998998999,0.836,0.999,0.8356713426853707,1.0,0.03653238958612288,0.014225125275453795,0.007764146387586771,0.0004716406360317575
43,11.962394793828329,2.308410962422689,0.84,0.999332999666333,1,1.0,20,"(1, 3)","{'clf__C': 1, 'vect__max_df': 1.0, 'vect__min_df': 20, 'vect__ngram_range': (1, 3)}",24,0.8542914171656687,0.998998998998999,0.836,0.999,0.8296593186372746,1.0,0.3121989908238957,0.06997821803115421,0.010446194290676742,0.0004716406360317575
44,1.6748612721761067,0.6866410573323568,0.8326666666666667,0.9956646639979972,1,1.0,30,"(1, 1)","{'clf__C': 1, 'vect__max_df': 1.0, 'vect__min_df': 30, 'vect__ngram_range': (1, 1)}",50,0.844311377245509,0.992992992992993,0.82,0.995,0.8336673346693386,0.999000999000999,0.10967542704591858,0.019692050591962575,0.009955137053418635,0.002497380990922879
45,4.639830191930135,1.019141674041748,0.7466666666666667,0.995001663001663,1,1.0,30,"(2, 2)","{'clf__C': 1, 'vect__max_df': 1.0, 'vect__min_df': 30, 'vect__ngram_range': (2, 2)}",136,0.7405189620758483,0.996996996996997,0.746,0.996,0.7535070140280561,0.9920079920079921,0.034374074967156304,0.07226415101151071,0.005323253267326398,0.002155620601553889
46,5.528208017349243,1.5075042247772217,0.8406666666666667,0.9989993326659993,1,1.0,30,"(1, 2)","{'clf__C': 1, 'vect__max_df': 1.0, 'vect__min_df': 30, 'vect__ngram_range': (1, 2)}",23,0.8502994011976048,0.997997997997998,0.838,0.999,0.8336673346693386,1.0,0.03089272872305178,0.04594113844659087,0.007046959909912203,0.0008173140310415013
47,11.891752004623413,2.0243340333302817,0.84,0.9989993326659993,1,1.0,30,"(1, 3)","{'clf__C': 1, 'vect__max_df': 1.0, 'vect__min_df': 30, 'vect__ngram_range': (1, 3)}",24,0.8502994011976048,0.997997997997998,0.838,0.999,0.8316633266533067,1.0,0.2076584033351213,0.058571776706762946,0.007738452528418726,0.0008173140310415013
48,3.211271047592163,0.7096294562021891,0.8293333333333334,1.0,500,0.5,1,"(1, 1)","{'clf__C': 500, 'vect__max_df': 0.5, 'vect__min_df': 1, 'vect__ngram_range': (1, 1)}",59,0.8423153692614771,1.0,0.826,1.0,0.8196392785571143,1.0,0.11682055991980086,0.014785044323988689,0.00955280383051198,0.0
49,12.696045637130737,1.2614230314890544,0.8206666666666667,1.0,500,0.5,1,"(2, 2)","{'clf__C': 500, 'vect__max_df': 0.5, 'vect__min_df': 1, 'vect__ngram_range': (2, 2)}",81,0.8143712574850299,1.0,0.81,1.0,0.8376753507014028,1.0,5.289114420778515,0.11650512523151096,0.01214092199716645,0.0
50,21.084535757700603,1.808205286661784,0.838,1.0,500,0.5,1,"(1, 2)","{'clf__C': 500, 'vect__max_df': 0.5, 'vect__min_df': 1, 'vect__ngram_range': (1, 2)}",34,0.8403193612774451,1.0,0.832,1.0,0.8416833667334669,1.0,2.312336368412119,0.15267732800187145,0.004279028383523803,0.0
51,43.92584562301636,2.6126369635264077,0.8286666666666667,1.0,500,0.5,1,"(1, 3)","{'clf__C': 500, 'vect__max_df': 0.5, 'vect__min_df': 1, 'vect__ngram_range': (1, 3)}",65,0.8363273453093812,1.0,0.814,1.0,0.8356713426853707,1.0,6.306860820635369,0.17587310899355857,0.01037435677568081,0.0
52,2.2754502296447754,0.7857570648193359,0.8226666666666667,1.0,500,0.5,10,"(1, 1)","{'clf__C': 500, 'vect__max_df': 0.5, 'vect__min_df': 10, 'vect__ngram_range': (1, 1)}",77,0.8283433133732535,1.0,0.828,1.0,0.811623246492986,1.0,0.32592636671673264,0.020273508813098386,0.00779842774294285,0.0
53,5.576575756072998,0.9967999458312988,0.7953333333333333,1.0,500,0.5,10,"(2, 2)","{'clf__C': 500, 'vect__max_df': 0.5, 'vect__min_df': 10, 'vect__ngram_range': (2, 2)}",120,0.7764471057884231,1.0,0.8,1.0,0.8096192384769539,1.0,0.6562198315112928,0.02837335543542313,0.013938671139897565,0.0
54,6.975656827290853,1.3628950119018555,0.844,1.0,500,0.5,10,"(1, 2)","{'clf__C': 500, 'vect__max_df': 0.5, 'vect__min_df': 10, 'vect__ngram_range': (1, 2)}",20,0.8483033932135728,1.0,0.836,1.0,0.8476953907815631,1.0,0.17220265683863303,0.01607262383679431,0.005662297317618563,0.0
55,13.652072747548422,2.0280840396881104,0.8546666666666667,1.0,500,0.5,10,"(1, 3)","{'clf__C': 500, 'vect__max_df': 0.5, 'vect__min_df': 10, 'vect__ngram_range': (1, 3)}",7,0.8522954091816367,1.0,0.854,1.0,0.8577154308617234,1.0,0.2563743781717856,0.02771074435538562,0.0022623678907803357,0.0
56,1.9600892861684163,0.6512807210286459,0.8046666666666666,1.0,500,0.5,20,"(1, 1)","{'clf__C': 500, 'vect__max_df': 0.5, 'vect__min_df': 20, 'vect__ngram_range': (1, 1)}",111,0.8143712574850299,1.0,0.792,1.0,0.8076152304609219,1.0,0.26917427118949316,0.021248114044548252,0.009371739894564272,0.0
57,4.531160275141398,0.9599769910176595,0.7533333333333333,1.0,500,0.5,20,"(2, 2)","{'clf__C': 500, 'vect__max_df': 0.5, 'vect__min_df': 20, 'vect__ngram_range': (2, 2)}",132,0.7385229540918163,1.0,0.76,1.0,0.7615230460921844,1.0,0.19689588786566278,0.00498117461849791,0.010506628458119494,0.0
58,6.602863629659017,1.368834416071574,0.8293333333333334,1.0,500,0.5,20,"(1, 2)","{'clf__C': 500, 'vect__max_df': 0.5, 'vect__min_df': 20, 'vect__ngram_range': (1, 2)}",59,0.846307385229541,1.0,0.796,1.0,0.845691382765531,1.0,0.1432436666246208,0.03896827369387229,0.023571567586293304,0.0
59,12.758564551671347,2.005391756693522,0.8306666666666667,1.0,500,0.5,20,"(1, 3)","{'clf__C': 500, 'vect__max_df': 0.5, 'vect__min_df': 20, 'vect__ngram_range': (1, 3)}",52,0.8403193612774451,1.0,0.808,1.0,0.843687374749499,1.0,0.2441319496638074,0.03514677898907848,0.01608662385703934,0.0
60,1.8526945114135742,0.6415214538574219,0.7953333333333333,1.0,500,0.5,30,"(1, 1)","{'clf__C': 500, 'vect__max_df': 0.5, 'vect__min_df': 30, 'vect__ngram_range': (1, 1)}",120,0.810379241516966,1.0,0.786,1.0,0.7895791583166333,1.0,0.13055602972500932,0.016599770108328284,0.010754650652161706,0.0
61,4.368234793345134,0.9505352179209391,0.71,1.0,500,0.5,30,"(2, 2)","{'clf__C': 500, 'vect__max_df': 0.5, 'vect__min_df': 30, 'vect__ngram_range': (2, 2)}",143,0.6986027944111777,1.0,0.702,1.0,0.7294589178356713,1.0,0.1177134472954179,0.003580128580806241,0.013808792756707431,0.0
62,6.334547360738118,1.3436063130696614,0.8066666666666666,1.0,500,0.5,30,"(1, 2)","{'clf__C': 500, 'vect__max_df': 0.5, 'vect__min_df': 30, 'vect__ngram_range': (1, 2)}",108,0.8083832335329342,1.0,0.794,1.0,0.8176352705410822,1.0,0.05022649956685403,0.0038132547707598816,0.009720538220118601,0.0
63,12.141952594121298,1.9703296820322673,0.804,1.0,500,0.5,30,"(1, 3)","{'clf__C': 500, 'vect__max_df': 0.5, 'vect__min_df': 30, 'vect__ngram_range': (1, 3)}",113,0.8083832335329342,1.0,0.798,1.0,0.8056112224448898,1.0,0.027084877926135762,0.02108990160955327,0.00439097587361585,0.0
64,2.7840329806009927,0.6832560698191324,0.8333333333333334,1.0,500,0.75,1,"(1, 1)","{'clf__C': 500, 'vect__max_df': 0.75, 'vect__min_df': 1, 'vect__ngram_range': (1, 1)}",47,0.8363273453093812,1.0,0.838,1.0,0.8256513026052105,1.0,0.6745501357631387,0.027981211959781444,0.005466729144608303,0.0
65,14.961165110270182,1.2137539386749268,0.8173333333333334,1.0,500,0.75,1,"(2, 2)","{'clf__C': 500, 'vect__max_df': 0.75, 'vect__min_df': 1, 'vect__ngram_range': (2, 2)}",87,0.8183632734530938,1.0,0.808,1.0,0.8256513026052105,1.0,1.5506915803503323,0.11104512611780079,0.007239342624322077,0.0
66,19.5142715771993,1.849292278289795,0.8386666666666667,1.0,500,0.75,1,"(1, 2)","{'clf__C': 500, 'vect__max_df': 0.75, 'vect__min_df': 1, 'vect__ngram_range': (1, 2)}",29,0.8343313373253493,1.0,0.826,1.0,0.8557114228456913,1.0,4.269310427124259,0.09120637083878824,0.012506262176460824,0.0
67,31.13286304473877,2.5864950021107993,0.83,1.0,500,0.75,1,"(1, 3)","{'clf__C': 500, 'vect__max_df': 0.75, 'vect__min_df': 1, 'vect__ngram_range': (1, 3)}",54,0.8283433133732535,1.0,0.816,1.0,0.845691382765531,1.0,12.22383892866005,0.12607038307640347,0.012172060273547445,0.0
68,2.628266175587972,0.7583291530609131,0.824,1.0,500,0.75,10,"(1, 1)","{'clf__C': 500, 'vect__max_df': 0.75, 'vect__min_df': 10, 'vect__ngram_range': (1, 1)}",74,0.8263473053892215,1.0,0.82,1.0,0.8256513026052105,1.0,0.4380069159302935,0.01294839029160894,0.0028426635965139134,0.0
69,5.0231688022613525,0.986275831858317,0.7993333333333333,1.0,500,0.75,10,"(2, 2)","{'clf__C': 500, 'vect__max_df': 0.75, 'vect__min_df': 10, 'vect__ngram_range': (2, 2)}",116,0.7924151696606786,1.0,0.79,1.0,0.8156312625250501,1.0,0.46868431452185605,0.026878788767251867,0.01154930117130169,0.0
70,6.766671260197957,1.3495010534922283,0.8506666666666667,1.0,500,0.75,10,"(1, 2)","{'clf__C': 500, 'vect__max_df': 0.75, 'vect__min_df': 10, 'vect__ngram_range': (1, 2)}",11,0.8502994011976048,1.0,0.842,1.0,0.8597194388777555,1.0,0.5788574447800728,0.02009871209296153,0.007234985467393294,0.0
71,13.12205688158671,2.0304887294769287,0.8606666666666667,1.0,500,0.75,10,"(1, 3)","{'clf__C': 500, 'vect__max_df': 0.75, 'vect__min_df': 10, 'vect__ngram_range': (1, 3)}",2,0.8582834331337326,1.0,0.85,1.0,0.87374749498998,1.0,0.5483151974630125,0.02853443305074095,0.009835900110296154,0.0
72,1.8576037883758545,0.6741278171539307,0.814,1.0,500,0.75,20,"(1, 1)","{'clf__C': 500, 'vect__max_df': 0.75, 'vect__min_df': 20, 'vect__ngram_range': (1, 1)}",94,0.8303393213572854,1.0,0.788,1.0,0.8236472945891784,1.0,0.32030801839762824,0.024847422123671945,0.018586657594146076,0.0
73,4.459206740061442,0.9479663372039795,0.7553333333333333,1.0,500,0.75,20,"(2, 2)","{'clf__C': 500, 'vect__max_df': 0.75, 'vect__min_df': 20, 'vect__ngram_range': (2, 2)}",130,0.7465069860279441,1.0,0.764,1.0,0.7555110220440882,1.0,0.18328227304854156,0.01485423738368622,0.007146160666431267,0.0
74,6.241617202758789,1.3419514497121174,0.8353333333333334,1.0,500,0.75,20,"(1, 2)","{'clf__C': 500, 'vect__max_df': 0.75, 'vect__min_df': 20, 'vect__ngram_range': (1, 2)}",40,0.8423153692614771,1.0,0.818,1.0,0.845691382765531,1.0,0.3908213980979384,0.010660806541039602,0.012333766354490848,0.0
75,12.055588960647583,1.9796768029530842,0.834,1.0,500,0.75,20,"(1, 3)","{'clf__C': 500, 'vect__max_df': 0.75, 'vect__min_df': 20, 'vect__ngram_range': (1, 3)}",43,0.8403193612774451,1.0,0.812,1.0,0.8496993987975952,1.0,0.4421305362167993,0.05065859642648651,0.016020740473622522,0.0
76,1.6413942178090413,0.6632584730784098,0.8073333333333333,1.0,500,0.75,30,"(1, 1)","{'clf__C': 500, 'vect__max_df': 0.75, 'vect__min_df': 30, 'vect__ngram_range': (1, 1)}",104,0.8143712574850299,1.0,0.804,1.0,0.8036072144288577,1.0,0.29147212555749796,0.0527548145848915,0.0049866069424337285,0.0
77,4.283706347147624,0.9277693430582682,0.714,1.0,500,0.75,30,"(2, 2)","{'clf__C': 500, 'vect__max_df': 0.75, 'vect__min_df': 30, 'vect__ngram_range': (2, 2)}",139,0.7005988023952096,1.0,0.714,1.0,0.7274549098196392,1.0,0.13645662633907066,0.009747481086659775,0.010963938016595457,0.0
78,5.868124008178711,1.3236525058746338,0.8186666666666667,1.0,500,0.75,30,"(1, 2)","{'clf__C': 500, 'vect__max_df': 0.75, 'vect__min_df': 30, 'vect__ngram_range': (1, 2)}",85,0.8183632734530938,1.0,0.804,1.0,0.8336673346693386,1.0,0.22486412625000643,0.03999502259917709,0.012107481751564049,0.0
79,11.848252296447754,1.9776310125986736,0.8173333333333334,1.0,500,0.75,30,"(1, 3)","{'clf__C': 500, 'vect__max_df': 0.75, 'vect__min_df': 30, 'vect__ngram_range': (1, 3)}",87,0.8183632734530938,1.0,0.804,1.0,0.8296593186372746,1.0,0.250065890118934,0.01126744078897269,0.010495502685546151,0.0
80,2.1547664801279702,0.6779273351033529,0.83,1.0,500,1.0,1,"(1, 1)","{'clf__C': 500, 'vect__max_df': 1.0, 'vect__min_df': 1, 'vect__ngram_range': (1, 1)}",54,0.8383233532934131,1.0,0.822,1.0,0.8296593186372746,1.0,0.8901361705402534,0.020026076618947834,0.006671646426742361,0.0
81,20.056668202082317,1.3423372904459636,0.814,1.0,500,1.0,1,"(2, 2)","{'clf__C': 500, 'vect__max_df': 1.0, 'vect__min_df': 1, 'vect__ngram_range': (2, 2)}",94,0.8203592814371258,1.0,0.808,1.0,0.8136272545090181,1.0,1.1631715887871084,0.10391667775217117,0.005055030584807253,0.0
82,26.391884406407673,1.8610085646311443,0.826,1.0,500,1.0,1,"(1, 2)","{'clf__C': 500, 'vect__max_df': 1.0, 'vect__min_df': 1, 'vect__ngram_range': (1, 2)}",69,0.8303393213572854,1.0,0.82,1.0,0.8276553106212425,1.0,0.278187970452525,0.07528409583714454,0.004381854341401214,0.0
83,51.256365617116295,2.7606136798858643,0.782,1.0,500,1.0,1,"(1, 3)","{'clf__C': 500, 'vect__max_df': 1.0, 'vect__min_df': 1, 'vect__ngram_range': (1, 3)}",124,0.780439121756487,1.0,0.762,1.0,0.8036072144288577,1.0,1.9467652303791918,0.13695988198301445,0.0170135160535846,0.0
84,3.2771758238474527,0.7835683822631836,0.8206666666666667,1.0,500,1.0,10,"(1, 1)","{'clf__C': 500, 'vect__max_df': 1.0, 'vect__min_df': 10, 'vect__ngram_range': (1, 1)}",81,0.8203592814371258,1.0,0.816,1.0,0.8256513026052105,1.0,0.32930864728785064,0.009014506283979895,0.0039441667762836665,0.0
85,5.491604725519816,1.0183379650115967,0.7966666666666666,1.0,500,1.0,10,"(2, 2)","{'clf__C': 500, 'vect__max_df': 1.0, 'vect__min_df': 10, 'vect__ngram_range': (2, 2)}",118,0.7904191616766467,1.0,0.786,1.0,0.8136272545090181,1.0,0.2784399781408613,0.029582662307740742,0.012110235008640472,0.0
86,8.72773011525472,1.6743847529093425,0.846,1.0,500,1.0,10,"(1, 2)","{'clf__C': 500, 'vect__max_df': 1.0, 'vect__min_df': 10, 'vect__ngram_range': (1, 2)}",16,0.8502994011976048,1.0,0.844,1.0,0.843687374749499,1.0,0.1788757960459134,0.115032157899052,0.0030473682327235756,0.0
87,15.585384289423624,2.2096897761027017,0.858,1.0,500,1.0,10,"(1, 3)","{'clf__C': 500, 'vect__max_df': 1.0, 'vect__min_df': 10, 'vect__ngram_range': (1, 3)}",4,0.8642714570858283,1.0,0.85,1.0,0.8597194388777555,1.0,0.28564645317720483,0.17221871103394637,0.005954281189238927,0.0
88,2.2212556997934976,0.7385257879892985,0.806,1.0,500,1.0,20,"(1, 1)","{'clf__C': 500, 'vect__max_df': 1.0, 'vect__min_df': 20, 'vect__ngram_range': (1, 1)}",109,0.8083832335329342,1.0,0.798,1.0,0.811623246492986,1.0,0.24251845393544366,0.022680193310388206,0.005809441195022802,0.0
89,4.6887757778167725,1.1287006537119548,0.7506666666666667,1.0,500,1.0,20,"(2, 2)","{'clf__C': 500, 'vect__max_df': 1.0, 'vect__min_df': 20, 'vect__ngram_range': (2, 2)}",134,0.7425149700598802,1.0,0.764,1.0,0.7454909819639278,1.0,0.23678087787398525,0.1512276283800142,0.009506050220427878,0.0
90,6.714019775390625,1.4715209007263184,0.838,1.0,500,1.0,20,"(1, 2)","{'clf__C': 500, 'vect__max_df': 1.0, 'vect__min_df': 20, 'vect__ngram_range': (1, 2)}",34,0.8483033932135728,1.0,0.826,1.0,0.8396793587174348,1.0,0.8019103377225407,0.005069201746506703,0.009186708455650254,0.0
91,12.235514243443808,2.007554769515991,0.8386666666666667,1.0,500,1.0,20,"(1, 3)","{'clf__C': 500, 'vect__max_df': 1.0, 'vect__min_df': 20, 'vect__ngram_range': (1, 3)}",29,0.8522954091816367,1.0,0.83,1.0,0.8336673346693386,1.0,0.44700383974124563,0.026395801550523346,0.009766755733511025,0.0
92,1.6316196123758953,0.6440206368764242,0.808,1.0,500,1.0,30,"(1, 1)","{'clf__C': 500, 'vect__max_df': 1.0, 'vect__min_df': 30, 'vect__ngram_range': (1, 1)}",102,0.8083832335329342,1.0,0.804,1.0,0.811623246492986,1.0,0.10461864780789262,0.028641371801716695,0.0031224360679488633,0.0
93,4.652467727661133,1.147936264673869,0.712,1.0,500,1.0,30,"(2, 2)","{'clf__C': 500, 'vect__max_df': 1.0, 'vect__min_df': 30, 'vect__ngram_range': (2, 2)}",141,0.6926147704590818,1.0,0.714,1.0,0.7294589178356713,1.0,0.43677028182862154,0.17822635047539656,0.015107866416446,0.0
94,6.405141274134318,1.3212692737579346,0.822,1.0,500,1.0,30,"(1, 2)","{'clf__C': 500, 'vect__max_df': 1.0, 'vect__min_df': 30, 'vect__ngram_range': (1, 2)}",79,0.8223552894211577,1.0,0.812,1.0,0.8316633266533067,1.0,0.31587002050790736,0.015410500315747429,0.008027444700908274,0.0
95,12.544838269551596,2.0715537865956626,0.8153333333333334,1.0,500,1.0,30,"(1, 3)","{'clf__C': 500, 'vect__max_df': 1.0, 'vect__min_df': 30, 'vect__ngram_range': (1, 3)}",91,0.8163672654690619,1.0,0.802,1.0,0.8276553106212425,1.0,0.7051767171659197,0.12313444955944826,0.010494068062570304,0.0
96,3.0734845797220864,0.7654557228088379,0.8293333333333334,1.0,1000,0.5,1,"(1, 1)","{'clf__C': 1000, 'vect__max_df': 0.5, 'vect__min_df': 1, 'vect__ngram_range': (1, 1)}",59,0.8423153692614771,1.0,0.826,1.0,0.8196392785571143,1.0,0.3752663962021268,0.08019666906555774,0.00955280383051198,0.0
97,21.043285608291626,1.3046031792958577,0.8206666666666667,1.0,1000,0.5,1,"(2, 2)","{'clf__C': 1000, 'vect__max_df': 0.5, 'vect__min_df': 1, 'vect__ngram_range': (2, 2)}",81,0.8143712574850299,1.0,0.81,1.0,0.8376753507014028,1.0,1.7994232463888151,0.1708995833831844,0.01214092199716645,0.0
98,14.728939692179361,1.6543970108032227,0.838,1.0,1000,0.5,1,"(1, 2)","{'clf__C': 1000, 'vect__max_df': 0.5, 'vect__min_df': 1, 'vect__ngram_range': (1, 2)}",34,0.8403193612774451,1.0,0.832,1.0,0.8416833667334669,1.0,8.602379348764536,0.029667998776563415,0.004279028383523803,0.0
99,43.057305335998535,2.546207586924235,0.8293333333333334,1.0,1000,0.5,1,"(1, 3)","{'clf__C': 1000, 'vect__max_df': 0.5, 'vect__min_df': 1, 'vect__ngram_range': (1, 3)}",59,0.8363273453093812,1.0,0.816,1.0,0.8356713426853707,1.0,4.243245643020958,0.09431796898688745,0.009431893332859933,0.0
100,2.4832763671875,0.7598593235015869,0.8226666666666667,1.0,1000,0.5,10,"(1, 1)","{'clf__C': 1000, 'vect__max_df': 0.5, 'vect__min_df': 10, 'vect__ngram_range': (1, 1)}",77,0.8283433133732535,1.0,0.828,1.0,0.811623246492986,1.0,0.3341919329584874,0.06843361267710611,0.00779842774294285,0.0
101,5.7636964321136475,1.0732855002085369,0.7953333333333333,1.0,1000,0.5,10,"(2, 2)","{'clf__C': 1000, 'vect__max_df': 0.5, 'vect__min_df': 10, 'vect__ngram_range': (2, 2)}",120,0.7764471057884231,1.0,0.8,1.0,0.8096192384769539,1.0,0.9248689401354281,0.0253507562654362,0.013938671139897565,0.0
102,6.920808633168538,1.4024268786112468,0.844,1.0,1000,0.5,10,"(1, 2)","{'clf__C': 1000, 'vect__max_df': 0.5, 'vect__min_df': 10, 'vect__ngram_range': (1, 2)}",20,0.8483033932135728,1.0,0.836,1.0,0.8476953907815631,1.0,0.20545960768058782,0.02575736769096315,0.005662297317618563,0.0
103,13.405218044916788,2.060764789581299,0.854,1.0,1000,0.5,10,"(1, 3)","{'clf__C': 1000, 'vect__max_df': 0.5, 'vect__min_df': 10, 'vect__ngram_range': (1, 3)}",8,0.8522954091816367,1.0,0.852,1.0,0.8577154308617234,1.0,0.2104907657485567,0.044317831952709816,0.002626040032256104,0.0
104,1.9264955520629883,0.650516668955485,0.8046666666666666,1.0,1000,0.5,20,"(1, 1)","{'clf__C': 1000, 'vect__max_df': 0.5, 'vect__min_df': 20, 'vect__ngram_range': (1, 1)}",111,0.8143712574850299,1.0,0.792,1.0,0.8076152304609219,1.0,0.34332051381736906,0.04160226793401961,0.009371739894564272,0.0
105,4.546402057011922,0.9542505741119385,0.7533333333333333,1.0,1000,0.5,20,"(2, 2)","{'clf__C': 1000, 'vect__max_df': 0.5, 'vect__min_df': 20, 'vect__ngram_range': (2, 2)}",132,0.7385229540918163,1.0,0.76,1.0,0.7615230460921844,1.0,0.2380934226535364,0.01571031138549185,0.010506628458119494,0.0
106,6.317007303237915,1.357380787531535,0.8293333333333334,1.0,1000,0.5,20,"(1, 2)","{'clf__C': 1000, 'vect__max_df': 0.5, 'vect__min_df': 20, 'vect__ngram_range': (1, 2)}",59,0.846307385229541,1.0,0.796,1.0,0.845691382765531,1.0,0.19183281308264333,0.03109471059498873,0.023571567586293304,0.0
107,12.253451744715372,2.0226121743520102,0.8293333333333334,1.0,1000,0.5,20,"(1, 3)","{'clf__C': 1000, 'vect__max_df': 0.5, 'vect__min_df': 20, 'vect__ngram_range': (1, 3)}",59,0.8383233532934131,1.0,0.806,1.0,0.843687374749499,1.0,0.5955941574086175,0.042921807708530414,0.016643847433930697,0.0
108,1.6396613121032715,0.680625836054484,0.7953333333333333,1.0,1000,0.5,30,"(1, 1)","{'clf__C': 1000, 'vect__max_df': 0.5, 'vect__min_df': 30, 'vect__ngram_range': (1, 1)}",120,0.810379241516966,1.0,0.786,1.0,0.7895791583166333,1.0,0.15247237559769955,0.008024157487356978,0.010754650652161706,0.0
109,4.453886985778809,0.9434396425882975,0.71,1.0,1000,0.5,30,"(2, 2)","{'clf__C': 1000, 'vect__max_df': 0.5, 'vect__min_df': 30, 'vect__ngram_range': (2, 2)}",143,0.6986027944111777,1.0,0.702,1.0,0.7294589178356713,1.0,0.149333114622188,0.005468530489285003,0.013808792756707431,0.0
110,5.545624017715454,1.3445523579915364,0.8073333333333333,1.0,1000,0.5,30,"(1, 2)","{'clf__C': 1000, 'vect__max_df': 0.5, 'vect__min_df': 30, 'vect__ngram_range': (1, 2)}",104,0.8083832335329342,1.0,0.796,1.0,0.8176352705410822,1.0,0.43647067653481414,0.026373919332745323,0.008859394070069719,0.0
111,11.683719714482626,2.007464647293091,0.804,1.0,1000,0.5,30,"(1, 3)","{'clf__C': 1000, 'vect__max_df': 0.5, 'vect__min_df': 30, 'vect__ngram_range': (1, 3)}",113,0.8083832335329342,1.0,0.798,1.0,0.8056112224448898,1.0,0.3872811410352688,0.06443663015987623,0.00439097587361585,0.0
112,2.39621369043986,0.7038620313008627,0.8333333333333334,1.0,1000,0.75,1,"(1, 1)","{'clf__C': 1000, 'vect__max_df': 0.75, 'vect__min_df': 1, 'vect__ngram_range': (1, 1)}",47,0.8363273453093812,1.0,0.838,1.0,0.8256513026052105,1.0,0.244016885883148,0.02739115644645191,0.005466729144608303,0.0
113,18.583874146143597,1.2692906856536865,0.8173333333333334,1.0,1000,0.75,1,"(2, 2)","{'clf__C': 1000, 'vect__max_df': 0.75, 'vect__min_df': 1, 'vect__ngram_range': (2, 2)}",87,0.8183632734530938,1.0,0.808,1.0,0.8256513026052105,1.0,1.2720769996235073,0.10266678550491722,0.007239342624322077,0.0
114,23.64966305096944,1.8250535329182942,0.8386666666666667,1.0,1000,0.75,1,"(1, 2)","{'clf__C': 1000, 'vect__max_df': 0.75, 'vect__min_df': 1, 'vect__ngram_range': (1, 2)}",29,0.8343313373253493,1.0,0.826,1.0,0.8557114228456913,1.0,0.7396931272189937,0.03294256998851776,0.012506262176460824,0.0
115,36.59103584289551,2.7163263956705728,0.83,1.0,1000,0.75,1,"(1, 3)","{'clf__C': 1000, 'vect__max_df': 0.75, 'vect__min_df': 1, 'vect__ngram_range': (1, 3)}",54,0.8283433133732535,1.0,0.816,1.0,0.845691382765531,1.0,14.582823656385907,0.24510732503786545,0.012172060273547445,0.0
116,2.0095396836598716,0.8084879716237386,0.824,1.0,1000,0.75,10,"(1, 1)","{'clf__C': 1000, 'vect__max_df': 0.75, 'vect__min_df': 10, 'vect__ngram_range': (1, 1)}",74,0.8263473053892215,1.0,0.82,1.0,0.8256513026052105,1.0,0.28582715961751004,0.08309303066265974,0.0028426635965139134,0.0
117,5.586408456166585,1.0146642525990803,0.7993333333333333,1.0,1000,0.75,10,"(2, 2)","{'clf__C': 1000, 'vect__max_df': 0.75, 'vect__min_df': 10, 'vect__ngram_range': (2, 2)}",116,0.7924151696606786,1.0,0.79,1.0,0.8156312625250501,1.0,0.5001221142045442,0.006631072279760551,0.01154930117130169,0.0
118,7.098579327265422,1.423986593882243,0.8506666666666667,1.0,1000,0.75,10,"(1, 2)","{'clf__C': 1000, 'vect__max_df': 0.75, 'vect__min_df': 10, 'vect__ngram_range': (1, 2)}",11,0.8502994011976048,1.0,0.842,1.0,0.8597194388777555,1.0,0.5352070324549165,0.02857799085922879,0.007234985467393294,0.0
119,11.77684768040975,2.070913394292196,0.8606666666666667,1.0,1000,0.75,10,"(1, 3)","{'clf__C': 1000, 'vect__max_df': 0.75, 'vect__min_df': 10, 'vect__ngram_range': (1, 3)}",2,0.8582834331337326,1.0,0.85,1.0,0.87374749498998,1.0,0.5541497645335869,0.03616334063328729,0.009835900110296154,0.0
120,1.511705795923869,0.6919248104095459,0.8133333333333334,1.0,1000,0.75,20,"(1, 1)","{'clf__C': 1000, 'vect__max_df': 0.75, 'vect__min_df': 20, 'vect__ngram_range': (1, 1)}",97,0.8283433133732535,1.0,0.788,1.0,0.8236472945891784,1.0,0.03881844370223008,0.0361998461303655,0.018015668354441502,0.0
121,4.585443019866943,0.9741026560465494,0.7553333333333333,1.0,1000,0.75,20,"(2, 2)","{'clf__C': 1000, 'vect__max_df': 0.75, 'vect__min_df': 20, 'vect__ngram_range': (2, 2)}",130,0.7465069860279441,1.0,0.764,1.0,0.7555110220440882,1.0,0.17171427935815092,0.016994053722565964,0.007146160666431267,0.0
122,6.093246698379517,1.5943366686503093,0.8353333333333334,1.0,1000,0.75,20,"(1, 2)","{'clf__C': 1000, 'vect__max_df': 0.75, 'vect__min_df': 20, 'vect__ngram_range': (1, 2)}",40,0.8423153692614771,1.0,0.818,1.0,0.845691382765531,1.0,0.7050859448339641,0.16934603537857196,0.012333766354490848,0.0
123,15.051259915033976,3.094595750172933,0.8333333333333334,1.0,1000,0.75,20,"(1, 3)","{'clf__C': 1000, 'vect__max_df': 0.75, 'vect__min_df': 20, 'vect__ngram_range': (1, 3)}",47,0.8403193612774451,1.0,0.812,1.0,0.8476953907815631,1.0,0.7962155963826947,0.7298400216726155,0.015382560076028203,0.0
124,2.014455715815226,0.8325302600860596,0.8073333333333333,1.0,1000,0.75,30,"(1, 1)","{'clf__C': 1000, 'vect__max_df': 0.75, 'vect__min_df': 30, 'vect__ngram_range': (1, 1)}",104,0.8143712574850299,1.0,0.804,1.0,0.8036072144288577,1.0,0.4407418655818281,0.12967302776789388,0.0049866069424337285,0.0
125,4.709399064381917,1.000022331873576,0.714,1.0,1000,0.75,30,"(2, 2)","{'clf__C': 1000, 'vect__max_df': 0.75, 'vect__min_df': 30, 'vect__ngram_range': (2, 2)}",139,0.7005988023952096,1.0,0.714,1.0,0.7274549098196392,1.0,0.08484229115473767,0.009020298736336538,0.010963938016595457,0.0
126,5.928794304529826,1.3517252604166667,0.8186666666666667,1.0,1000,0.75,30,"(1, 2)","{'clf__C': 1000, 'vect__max_df': 0.75, 'vect__min_df': 30, 'vect__ngram_range': (1, 2)}",85,0.8183632734530938,1.0,0.804,1.0,0.8336673346693386,1.0,0.4317113462728879,0.030235394268985666,0.012107481751564049,0.0
127,13.176997264226278,2.3918731212615967,0.8173333333333334,1.0,1000,0.75,30,"(1, 3)","{'clf__C': 1000, 'vect__max_df': 0.75, 'vect__min_df': 30, 'vect__ngram_range': (1, 3)}",87,0.8183632734530938,1.0,0.804,1.0,0.8296593186372746,1.0,0.9952299334633347,0.08485970645076135,0.010495502685546151,0.0
128,4.13525668780009,0.8100393613179525,0.83,1.0,1000,1.0,1,"(1, 1)","{'clf__C': 1000, 'vect__max_df': 1.0, 'vect__min_df': 1, 'vect__ngram_range': (1, 1)}",54,0.8383233532934131,1.0,0.822,1.0,0.8296593186372746,1.0,0.10675080999233648,0.020862576178135188,0.006671646426742361,0.0
129,20.45336922009786,1.282721757888794,0.814,1.0,1000,1.0,1,"(2, 2)","{'clf__C': 1000, 'vect__max_df': 1.0, 'vect__min_df': 1, 'vect__ngram_range': (2, 2)}",94,0.8203592814371258,1.0,0.808,1.0,0.8136272545090181,1.0,0.5104722495419536,0.12959346491452997,0.005055030584807253,0.0
130,21.648289918899536,2.1564693450927734,0.826,1.0,1000,1.0,1,"(1, 2)","{'clf__C': 1000, 'vect__max_df': 1.0, 'vect__min_df': 1, 'vect__ngram_range': (1, 2)}",69,0.8303393213572854,1.0,0.82,1.0,0.8276553106212425,1.0,8.197857941756084,0.075210734440074,0.004381854341401214,0.0
131,52.38165537516276,2.8308053811391196,0.782,1.0,1000,1.0,1,"(1, 3)","{'clf__C': 1000, 'vect__max_df': 1.0, 'vect__min_df': 1, 'vect__ngram_range': (1, 3)}",124,0.780439121756487,1.0,0.762,1.0,0.8036072144288577,1.0,2.7615181713943993,0.3394693886541824,0.0170135160535846,0.0
132,2.518251101175944,0.8276323477427164,0.82,1.0,1000,1.0,10,"(1, 1)","{'clf__C': 1000, 'vect__max_df': 1.0, 'vect__min_df': 10, 'vect__ngram_range': (1, 1)}",84,0.8203592814371258,1.0,0.814,1.0,0.8256513026052105,1.0,0.5578240267887565,0.05365510147340157,0.004761046383963413,0.0
133,6.402589321136475,1.2403070131937664,0.7966666666666666,1.0,1000,1.0,10,"(2, 2)","{'clf__C': 1000, 'vect__max_df': 1.0, 'vect__min_df': 10, 'vect__ngram_range': (2, 2)}",118,0.7904191616766467,1.0,0.786,1.0,0.8136272545090181,1.0,0.8330802991217632,0.042749139110999486,0.012110235008640472,0.0
134,8.61603569984436,1.4249339898427327,0.846,1.0,1000,1.0,10,"(1, 2)","{'clf__C': 1000, 'vect__max_df': 1.0, 'vect__min_df': 10, 'vect__ngram_range': (1, 2)}",16,0.8502994011976048,1.0,0.844,1.0,0.843687374749499,1.0,0.8860528072191417,0.023914990461707652,0.0030473682327235756,0.0
135,13.226166566212973,2.2617480754852295,0.8573333333333333,1.0,1000,1.0,10,"(1, 3)","{'clf__C': 1000, 'vect__max_df': 1.0, 'vect__min_df': 10, 'vect__ngram_range': (1, 3)}",5,0.8642714570858283,1.0,0.848,1.0,0.8597194388777555,1.0,1.0886400408782435,0.053267531148354336,0.006856312422584031,0.0
136,1.8924084504445393,0.6848739782969157,0.806,1.0,1000,1.0,20,"(1, 1)","{'clf__C': 1000, 'vect__max_df': 1.0, 'vect__min_df': 20, 'vect__ngram_range': (1, 1)}",109,0.8083832335329342,1.0,0.798,1.0,0.811623246492986,1.0,0.39263226555606956,0.035533575597373725,0.005809441195022802,0.0
137,5.144298632939656,1.0233564376831055,0.7506666666666667,1.0,1000,1.0,20,"(2, 2)","{'clf__C': 1000, 'vect__max_df': 1.0, 'vect__min_df': 20, 'vect__ngram_range': (2, 2)}",134,0.7425149700598802,1.0,0.764,1.0,0.7454909819639278,1.0,0.22718307338934693,0.010760279234452531,0.009506050220427878,0.0
138,6.491975863774617,1.6950639088948567,0.838,1.0,1000,1.0,20,"(1, 2)","{'clf__C': 1000, 'vect__max_df': 1.0, 'vect__min_df': 20, 'vect__ngram_range': (1, 2)}",34,0.8483033932135728,1.0,0.826,1.0,0.8396793587174348,1.0,0.5810100808067933,0.0986317090622138,0.009186708455650254,0.0
139,13.28242794672648,2.1544180711110434,0.8386666666666667,1.0,1000,1.0,20,"(1, 3)","{'clf__C': 1000, 'vect__max_df': 1.0, 'vect__min_df': 20, 'vect__ngram_range': (1, 3)}",29,0.8522954091816367,1.0,0.83,1.0,0.8336673346693386,1.0,0.20773289506581175,0.06621054731554947,0.009766755733511025,0.0
140,1.90958038965861,0.6578382651011149,0.808,1.0,1000,1.0,30,"(1, 1)","{'clf__C': 1000, 'vect__max_df': 1.0, 'vect__min_df': 30, 'vect__ngram_range': (1, 1)}",102,0.8083832335329342,1.0,0.804,1.0,0.811623246492986,1.0,0.24636999803068196,0.013232799154601524,0.0031224360679488633,0.0
141,4.775087674458821,0.9804686705271403,0.712,1.0,1000,1.0,30,"(2, 2)","{'clf__C': 1000, 'vect__max_df': 1.0, 'vect__min_df': 30, 'vect__ngram_range': (2, 2)}",141,0.6926147704590818,1.0,0.714,1.0,0.7294589178356713,1.0,0.16216269309773415,0.030681509131081922,0.015107866416446,0.0
142,5.925505081812541,1.324110746383667,0.8213333333333334,1.0,1000,1.0,30,"(1, 2)","{'clf__C': 1000, 'vect__max_df': 1.0, 'vect__min_df': 30, 'vect__ngram_range': (1, 2)}",80,0.8203592814371258,1.0,0.812,1.0,0.8316633266533067,1.0,0.39186132494971904,0.011566676848181022,0.008053097338467995,0.0
143,11.083281834920248,1.3963410059611003,0.8153333333333334,1.0,1000,1.0,30,"(1, 3)","{'clf__C': 1000, 'vect__max_df': 1.0, 'vect__min_df': 30, 'vect__ngram_range': (1, 3)}",91,0.8163672654690619,1.0,0.802,1.0,0.8276553106212425,1.0,0.21638343610816152,0.2164043714958702,0.010494068062570304,0.0
