,mean_fit_time,mean_score_time,mean_test_score,mean_train_score,param_clf__n_estimators,param_vect__max_df,param_vect__min_df,param_vect__ngram_range,params,rank_test_score,split0_test_score,split0_train_score,split1_test_score,split1_train_score,split2_test_score,split2_train_score,std_fit_time,std_score_time,std_test_score,std_train_score
0,1.5624597867329915,0.7370396455128988,0.6413333333333333,0.9856666586666587,8,0.25,1,"(1, 1)","{'clf__n_estimators': 8, 'vect__max_df': 0.25, 'vect__min_df': 1, 'vect__ngram_range': (1, 1)}",216,0.6766467065868264,0.987987987987988,0.606,0.981,0.6412825651302605,0.988011988011988,0.0055498265118010676,0.00757962876381303,0.02885582215025629,0.0032998405348959353
1,4.874229113260905,1.198534329732259,0.5906666666666667,0.9843359880026546,8,0.25,1,"(2, 2)","{'clf__n_estimators': 8, 'vect__max_df': 0.25, 'vect__min_df': 1, 'vect__ngram_range': (2, 2)}",255,0.5768463073852296,0.985985985985986,0.594,0.989,0.6012024048096193,0.978021978021978,0.019432279727684063,0.017092527528146412,0.010218858727876355,0.004631134608727584
2,6.065204858779907,1.593719482421875,0.6293333333333333,0.9846679880013213,8,0.25,1,"(1, 2)","{'clf__n_estimators': 8, 'vect__max_df': 0.25, 'vect__min_df': 1, 'vect__ngram_range': (1, 2)}",233,0.6526946107784432,0.983983983983984,0.604,0.99,0.6312625250501002,0.98001998001998,0.19609863641308195,0.11821741322037148,0.01993600509406362,0.00410293357019906
3,12.417274634043375,2.6677494049072266,0.63,0.9773303183303184,8,0.25,1,"(1, 3)","{'clf__n_estimators': 8, 'vect__max_df': 0.25, 'vect__min_df': 1, 'vect__ngram_range': (1, 3)}",232,0.5968063872255489,0.972972972972973,0.642,0.977,0.6513026052104208,0.9820179820179821,0.17103232266915086,0.5357098004518136,0.023811152482620338,0.003699989171658218
4,1.4572347005208333,0.7779709498087565,0.658,0.984336654669988,8,0.25,10,"(1, 1)","{'clf__n_estimators': 8, 'vect__max_df': 0.25, 'vect__min_df': 10, 'vect__ngram_range': (1, 1)}",186,0.6227544910179641,0.986986986986987,0.668,0.989,0.6833667334669339,0.977022977022977,0.04249050015252954,0.2247329200034477,0.025735284595657628,0.00523644064169106
5,5.631411552429199,1.1973945299784343,0.6193333333333333,0.9843333233333235,8,0.25,10,"(2, 2)","{'clf__n_estimators': 8, 'vect__max_df': 0.25, 'vect__min_df': 10, 'vect__ngram_range': (2, 2)}",241,0.6107784431137725,0.984984984984985,0.634,0.983,0.6132264529058116,0.985014985014985,0.16600402836307251,0.061612978360358485,0.01041894157535724,0.0009428815174199869
6,7.04953130086263,1.8770089944203694,0.6686666666666666,0.9826676543343211,8,0.25,10,"(1, 2)","{'clf__n_estimators': 8, 'vect__max_df': 0.25, 'vect__min_df': 10, 'vect__ngram_range': (1, 2)}",167,0.6626746506986028,0.982982982982983,0.68,0.985,0.6633266533066132,0.98001998001998,0.06834963813849683,0.15644314072165563,0.008018296151445966,0.0020452748581139815
7,13.861824989318848,3.2499823570251465,0.654,0.9830029903363237,8,0.25,10,"(1, 3)","{'clf__n_estimators': 8, 'vect__max_df': 0.25, 'vect__min_df': 10, 'vect__ngram_range': (1, 3)}",192,0.6387225548902196,0.98998998998999,0.68,0.978,0.6432865731462926,0.981018981018981,0.5179771938365954,0.24261452625333613,0.0184789527991565,0.005091966530296656
8,2.000635306040446,0.7108167807261149,0.6626666666666666,0.9830036576703244,8,0.25,20,"(1, 1)","{'clf__n_estimators': 8, 'vect__max_df': 0.25, 'vect__min_df': 20, 'vect__ngram_range': (1, 1)}",175,0.6407185628742516,0.991991991991992,0.634,0.976,0.7134268537074149,0.981018981018981,0.41729938389814136,0.07319448762823431,0.03594395578125984,0.006677831884964576
9,5.684077421824138,1.1391526858011882,0.622,0.9756689816689817,8,0.25,20,"(2, 2)","{'clf__n_estimators': 8, 'vect__max_df': 0.25, 'vect__min_df': 20, 'vect__ngram_range': (2, 2)}",239,0.624750499001996,0.975975975975976,0.59,0.982,0.6513026052104208,0.9690309690309691,0.8625414797402374,0.14446040716270772,0.025089876856500305,0.005299032943051392
10,5.734932978947957,1.708353042602539,0.6613333333333333,0.9820023223356555,8,0.25,20,"(1, 2)","{'clf__n_estimators': 8, 'vect__max_df': 0.25, 'vect__min_df': 20, 'vect__ngram_range': (1, 2)}",177,0.6806387225548902,0.986986986986987,0.614,0.979,0.6893787575150301,0.98001998001998,0.18627392759993203,0.03154433705750885,0.03365937521425732,0.0035492018891541822
11,13.123392264048258,2.363318761189779,0.6486666666666666,0.9796686540019873,8,0.25,20,"(1, 3)","{'clf__n_estimators': 8, 'vect__max_df': 0.25, 'vect__min_df': 20, 'vect__ngram_range': (1, 3)}",202,0.6487025948103793,0.983983983983984,0.662,0.977,0.6352705410821643,0.978021978021978,0.15547043840019312,0.1885714715543411,0.01090682262783804,0.0030797905133835702
12,1.6772992610931396,0.7694003582000732,0.6766666666666666,0.9836693226693226,8,0.25,30,"(1, 1)","{'clf__n_estimators': 8, 'vect__max_df': 0.25, 'vect__min_df': 30, 'vect__ngram_range': (1, 1)}",158,0.6966067864271457,0.987987987987988,0.664,0.983,0.6693386773547094,0.98001998001998,0.3213924462841328,0.14547194137776734,0.014287991061963668,0.0032871753194611444
13,5.22739044825236,1.2254408200581868,0.606,0.981334321667655,8,0.25,30,"(2, 2)","{'clf__n_estimators': 8, 'vect__max_df': 0.25, 'vect__min_df': 30, 'vect__ngram_range': (2, 2)}",247,0.6207584830339321,0.983983983983984,0.64,0.979,0.5571142284569138,0.981018981018981,0.4840890382694701,0.07706420437055714,0.035399093534297724,0.0020468844425421996
14,6.651590029398601,1.8149082660675049,0.656,0.9800049876716543,8,0.25,30,"(1, 2)","{'clf__n_estimators': 8, 'vect__max_df': 0.25, 'vect__min_df': 30, 'vect__ngram_range': (1, 2)}",190,0.6467065868263473,0.988988988988989,0.668,0.977,0.6533066132264529,0.974025974025974,0.8866976142749275,0.11188266351049826,0.008902810176574391,0.006467633125853109
15,13.495662768681845,2.270628293355306,0.6533333333333333,0.9796626533293201,8,0.25,30,"(1, 3)","{'clf__n_estimators': 8, 'vect__max_df': 0.25, 'vect__min_df': 30, 'vect__ngram_range': (1, 3)}",194,0.6367265469061876,0.973973973973974,0.674,0.979,0.6492985971943888,0.986013986013986,0.46415284413767927,0.1043312374248008,0.015488647184075425,0.004937597564069183
16,1.9845873514811199,0.8277536233266195,0.6453333333333333,0.9843316549983218,8,0.5,1,"(1, 1)","{'clf__n_estimators': 8, 'vect__max_df': 0.5, 'vect__min_df': 1, 'vect__ngram_range': (1, 1)}",208,0.654690618762475,0.97997997997998,0.646,0.988,0.6352705410821643,0.985014985014985,0.10966946329509016,0.0323940727427174,0.007942199966895906,0.003309620845770225
17,6.460948705673218,1.3911969661712646,0.5986666666666667,0.981999987999988,8,0.5,1,"(2, 2)","{'clf__n_estimators': 8, 'vect__max_df': 0.5, 'vect__min_df': 1, 'vect__ngram_range': (2, 2)}",252,0.592814371257485,0.9819819819819819,0.638,0.982,0.5651302605210421,0.9820179820179821,0.11356755375864941,0.1647658029650614,0.030021493009067743,1.4696955603181681e-05
18,7.021347363789876,1.894473632176717,0.6326666666666667,0.981665321331988,8,0.5,1,"(1, 2)","{'clf__n_estimators': 8, 'vect__max_df': 0.5, 'vect__min_df': 1, 'vect__ngram_range': (1, 2)}",228,0.6287425149700598,0.97997997997998,0.626,0.981,0.6432865731462926,0.984015984015984,0.25887319220966254,0.23060056774238544,0.0075813599862696295,0.0017135385416847983
19,14.399996678034464,2.4592716693878174,0.6173333333333333,0.9836646559979894,8,0.5,1,"(1, 3)","{'clf__n_estimators': 8, 'vect__max_df': 0.5, 'vect__min_df': 1, 'vect__ngram_range': (1, 3)}",242,0.6526946107784432,0.980980980980981,0.618,0.983,0.5811623246492986,0.987012987012987,0.6626339789636001,0.18392992226417623,0.029206679671847043,0.0025070035087446157
20,1.5912353197733562,0.7259190082550049,0.6606666666666666,0.9810013226679893,8,0.5,10,"(1, 1)","{'clf__n_estimators': 8, 'vect__max_df': 0.5, 'vect__min_df': 10, 'vect__ngram_range': (1, 1)}",178,0.6367265469061876,0.985985985985986,0.644,0.975,0.7014028056112225,0.9820179820179821,0.0813433328816309,0.07222821623022392,0.028914630210731776,0.004542258556894055
21,4.418884992599487,1.2371490796407063,0.6226666666666667,0.9829993213326547,8,0.5,10,"(2, 2)","{'clf__n_estimators': 8, 'vect__max_df': 0.5, 'vect__min_df': 10, 'vect__ngram_range': (2, 2)}",238,0.6047904191616766,0.980980980980981,0.664,0.985,0.5991983967935872,0.983016983016983,0.6386849061895916,0.2200915098415519,0.02931610456846684,0.0016408051722917706
22,5.410990953445435,1.4505071640014648,0.6526666666666666,0.986665325331992,8,0.5,10,"(1, 2)","{'clf__n_estimators': 8, 'vect__max_df': 0.5, 'vect__min_df': 10, 'vect__ngram_range': (1, 2)}",195,0.6387225548902196,0.985985985985986,0.65,0.984,0.6693386773547094,0.99000999000999,0.15036618801799598,0.1130142222598945,0.012640388566721058,0.002500149520904554
23,10.650642236073812,1.9743850231170654,0.6586666666666666,0.9819993226659894,8,0.5,10,"(1, 3)","{'clf__n_estimators': 8, 'vect__max_df': 0.5, 'vect__min_df': 10, 'vect__ngram_range': (1, 3)}",185,0.656686626746507,0.982982982982983,0.632,0.978,0.687374749498998,0.985014985014985,0.23867852749353716,0.08280857908353628,0.02263879577319201,0.002947110947412409
24,1.4279237588246663,0.637311855951945,0.6873333333333334,0.9809986533319867,8,0.5,20,"(1, 1)","{'clf__n_estimators': 8, 'vect__max_df': 0.5, 'vect__min_df': 20, 'vect__ngram_range': (1, 1)}",137,0.6946107784431138,0.977977977977978,0.698,0.983,0.6693386773547094,0.9820179820179821,0.019297535509427595,0.01987016447420594,0.012780257378990762,0.002173238677640381
25,4.547633171081543,0.9780906836191813,0.6286666666666667,0.9820013213346547,8,0.5,20,"(2, 2)","{'clf__n_estimators': 8, 'vect__max_df': 0.5, 'vect__min_df': 20, 'vect__ngram_range': (2, 2)}",235,0.6626746506986028,0.983983983983984,0.618,0.982,0.6052104208416834,0.98001998001998,0.07651606712774121,0.03754635564565961,0.024642300480512986,0.0016182981114128863
26,5.499610265096028,1.4510503609975178,0.6666666666666666,0.9873349903349903,8,0.5,20,"(1, 2)","{'clf__n_estimators': 8, 'vect__max_df': 0.5, 'vect__min_df': 20, 'vect__ngram_range': (1, 2)}",170,0.688622754491018,0.987987987987988,0.684,0.991,0.627254509018036,0.983016983016983,0.08603089072820481,0.09850284049550857,0.027890798427436286,0.0032915998631769367
27,14.291730642318726,2.947393814722697,0.652,0.9836666546666546,8,0.5,20,"(1, 3)","{'clf__n_estimators': 8, 'vect__max_df': 0.5, 'vect__min_df': 20, 'vect__ngram_range': (1, 3)}",196,0.6427145708582834,0.9819819819819819,0.64,0.987,0.6733466933867736,0.9820179820179821,0.9577533687101303,0.4744733256100777,0.015112484779659879,0.0023570769092457534
28,1.932768742243449,0.9571625391642252,0.6573333333333333,0.9843326579993246,8,0.5,30,"(1, 1)","{'clf__n_estimators': 8, 'vect__max_df': 0.5, 'vect__min_df': 30, 'vect__ngram_range': (1, 1)}",187,0.6666666666666666,0.985985985985986,0.64,0.979,0.6653306613226453,0.988011988011988,0.29752392994826116,0.056184745217034,0.012268647279909221,0.00386040602835695
29,5.187542756398519,1.0949708620707195,0.6026666666666667,0.9743346486679819,8,0.5,30,"(2, 2)","{'clf__n_estimators': 8, 'vect__max_df': 0.5, 'vect__min_df': 30, 'vect__ngram_range': (2, 2)}",250,0.6067864271457086,0.974974974974975,0.584,0.977,0.6172344689378757,0.971028971028971,0.2849722373904569,0.11376171489514841,0.013871400277657002,0.0024793561096633243
30,5.406958341598511,1.9415563742319744,0.6446666666666667,0.9836683230016563,8,0.5,30,"(1, 2)","{'clf__n_estimators': 8, 'vect__max_df': 0.5, 'vect__min_df': 30, 'vect__ngram_range': (1, 2)}",212,0.6906187624750499,0.986986986986987,0.578,0.982,0.6653306613226453,0.9820179820179821,0.4477465286068689,0.1526334896504813,0.04825767440742001,0.002346661291266172
31,12.50794800122579,1.9477910200754802,0.666,0.9839986553319887,8,0.5,30,"(1, 3)","{'clf__n_estimators': 8, 'vect__max_df': 0.5, 'vect__min_df': 30, 'vect__ngram_range': (1, 3)}",171,0.6786427145708582,0.980980980980981,0.644,0.986,0.6753507014028056,0.985014985014985,0.8574955964451413,0.06287414063775933,0.015614295305633796,0.002171379361408047
32,1.559256633122762,0.6889724731445312,0.6133333333333333,0.9800006540006541,8,0.75,1,"(1, 1)","{'clf__n_estimators': 8, 'vect__max_df': 0.75, 'vect__min_df': 1, 'vect__ngram_range': (1, 1)}",244,0.6187624750499002,0.9819819819819819,0.616,0.978,0.6052104208416834,0.98001998001998,0.055457114758329644,0.014527860611700392,0.0058450944098889,0.0016256947740324226
33,5.251767635345459,1.049056609471639,0.5913333333333334,0.9766659846659848,8,0.75,1,"(2, 2)","{'clf__n_estimators': 8, 'vect__max_df': 0.75, 'vect__min_df': 1, 'vect__ngram_range': (2, 2)}",254,0.5748502994011976,0.975975975975976,0.61,0.976,0.5891783567134269,0.978021978021978,0.061373303084501854,0.03454764904282309,0.014437368980663537,0.0009588822571293269
34,5.827479839324951,1.8513405323028564,0.6306666666666667,0.981331318664652,8,0.75,1,"(1, 2)","{'clf__n_estimators': 8, 'vect__max_df': 0.75, 'vect__min_df': 1, 'vect__ngram_range': (1, 2)}",230,0.624750499001996,0.974974974974975,0.628,0.988,0.6392785571142284,0.981018981018981,0.12435596956390074,0.26738563312012154,0.00622357027206311,0.005322028769138663
35,14.112608114878336,3.4277408917744956,0.5986666666666667,0.9816676536676536,8,0.75,1,"(1, 3)","{'clf__n_estimators': 8, 'vect__max_df': 0.75, 'vect__min_df': 1, 'vect__ngram_range': (1, 3)}",252,0.5748502994011976,0.9819819819819819,0.596,0.984,0.625250501002004,0.9790209790209791,1.0304628317741777,0.20631872579568872,0.020661975922024713,0.002044792441671274
36,1.8114585081736247,0.8406194845835367,0.6806666666666666,0.9866666573333239,8,0.75,10,"(1, 1)","{'clf__n_estimators': 8, 'vect__max_df': 0.75, 'vect__min_df': 10, 'vect__ngram_range': (1, 1)}",149,0.6726546906187625,0.985985985985986,0.706,0.988,0.6633266533066132,0.986013986013986,0.35128672361535174,0.14836835550726946,0.01831368006610112,0.0009428849348236079
37,5.809457063674927,1.4995326201121013,0.6306666666666667,0.980335320668654,8,0.75,10,"(2, 2)","{'clf__n_estimators': 8, 'vect__max_df': 0.75, 'vect__min_df': 10, 'vect__ngram_range': (2, 2)}",230,0.6407185628742516,0.983983983983984,0.626,0.979,0.625250501002004,0.978021978021978,0.2353135797952402,0.10187789999222521,0.007124994904948594,0.0026107074059023147
38,6.491919040679932,1.3989225228627522,0.6466666666666666,0.9799983216649885,8,0.75,10,"(1, 2)","{'clf__n_estimators': 8, 'vect__max_df': 0.75, 'vect__min_df': 10, 'vect__ngram_range': (1, 2)}",206,0.6467065868263473,0.97997997997998,0.634,0.975,0.6593186372745491,0.985014985014985,0.08386926453899593,0.15087759800339307,0.010331154449738048,0.004088621081787044
39,15.685466130574545,2.541886329650879,0.6413333333333333,0.9846649889983223,8,0.75,10,"(1, 3)","{'clf__n_estimators': 8, 'vect__max_df': 0.75, 'vect__min_df': 10, 'vect__ngram_range': (1, 3)}",216,0.6387225548902196,0.980980980980981,0.658,0.987,0.627254509018036,0.986013986013986,0.7891992522703254,0.15503064047762286,0.012681015228781551,0.0026359049298777045
40,2.0792534351348877,1.135254939397176,0.666,0.9823323203323203,8,0.75,20,"(1, 1)","{'clf__n_estimators': 8, 'vect__max_df': 0.75, 'vect__min_df': 20, 'vect__ngram_range': (1, 1)}",171,0.6626746506986028,0.978978978978979,0.688,0.986,0.6472945891783567,0.9820179820179821,0.035457137469709715,0.12024020087271181,0.016775703394002996,0.0028749249817807297
41,4.318611145019531,0.988677183787028,0.604,0.9849979893313227,8,0.75,20,"(2, 2)","{'clf__n_estimators': 8, 'vect__max_df': 0.75, 'vect__min_df': 20, 'vect__ngram_range': (2, 2)}",249,0.6067864271457086,0.980980980980981,0.6,0.987,0.6052104208416834,0.987012987012987,0.11971074355534979,0.04815782556047375,0.0029006834233545964,0.0028404587928317405
42,5.33901572227478,2.071579933166504,0.6393333333333333,0.9839996563329896,8,0.75,20,"(1, 2)","{'clf__n_estimators': 8, 'vect__max_df': 0.75, 'vect__min_df': 20, 'vect__ngram_range': (1, 2)}",220,0.624750499001996,0.983983983983984,0.648,0.983,0.6452905811623246,0.985014985014985,0.29112343652743483,0.07481754516095768,0.010386101457448522,0.0008226888312300601
43,15.162333329518637,2.1945980389912925,0.67,0.9853333233333234,8,0.75,20,"(1, 3)","{'clf__n_estimators': 8, 'vect__max_df': 0.75, 'vect__min_df': 20, 'vect__ngram_range': (1, 3)}",166,0.6746506986027944,0.984984984984985,0.658,0.986,0.6773547094188377,0.985014985014985,0.5171953832555125,0.21175864928911,0.008556787220744506,0.0004715706619856238
44,2.111365636189779,0.7490976651509603,0.66,0.9829993219993219,8,0.75,30,"(1, 1)","{'clf__n_estimators': 8, 'vect__max_df': 0.75, 'vect__min_df': 30, 'vect__ngram_range': (1, 1)}",180,0.6407185628742516,0.9819819819819819,0.684,0.983,0.655310621242485,0.984015984015984,0.31352305234249583,0.042613773560358094,0.017985768984159226,0.0008303779915776577
45,5.466165383656819,1.2089879512786865,0.6093333333333333,0.9780013206679873,8,0.75,30,"(2, 2)","{'clf__n_estimators': 8, 'vect__max_df': 0.75, 'vect__min_df': 30, 'vect__ngram_range': (2, 2)}",245,0.6187624750499002,0.982982982982983,0.576,0.972,0.6332665330661322,0.9790209790209791,0.5946214234435667,0.0949268567349857,0.024302606824511533,0.004541384236019027
46,6.5793116092681885,1.3624169826507568,0.6606666666666666,0.9860003243336578,8,0.75,30,"(1, 2)","{'clf__n_estimators': 8, 'vect__max_df': 0.75, 'vect__min_df': 30, 'vect__ngram_range': (1, 2)}",178,0.6646706586826348,0.986986986986987,0.686,0.985,0.6312625250501002,0.986013986013986,0.6669619604372106,0.006998825550915339,0.022514559221864478,0.0008112415598927881
47,13.41221555074056,2.364985148111979,0.6593333333333333,0.984667656334323,8,0.75,30,"(1, 3)","{'clf__n_estimators': 8, 'vect__max_df': 0.75, 'vect__min_df': 30, 'vect__ngram_range': (1, 3)}",183,0.656686626746507,0.985985985985986,0.672,0.985,0.6492985971943888,0.983016983016983,0.4126842769583927,0.058311635610240685,0.009450891454111486,0.001234661597786689
48,1.929518699645996,0.7695903778076172,0.6593333333333333,0.9816643216643216,8,1.0,1,"(1, 1)","{'clf__n_estimators': 8, 'vect__max_df': 1.0, 'vect__min_df': 1, 'vect__ngram_range': (1, 1)}",183,0.6686626746506986,0.978978978978979,0.65,0.98,0.6593186372745491,0.986013986013986,0.3713929513207666,0.06273334411134092,0.007622816830368265,0.0031037940167261448
49,5.4350903034210205,1.3438657124837239,0.568,0.983999321999322,8,1.0,1,"(2, 2)","{'clf__n_estimators': 8, 'vect__max_df': 1.0, 'vect__min_df': 1, 'vect__ngram_range': (2, 2)}",256,0.5948103792415169,0.9819819819819819,0.524,0.986,0.5851703406813628,0.984015984015984,0.0819612903570549,0.3449500862147057,0.031360617478295605,0.0016403912979080825
50,8.040298779805502,2.2077476183573403,0.62,0.9803349876683211,8,1.0,1,"(1, 2)","{'clf__n_estimators': 8, 'vect__max_df': 1.0, 'vect__min_df': 1, 'vect__ngram_range': (1, 2)}",240,0.654690618762475,0.983983983983984,0.632,0.978,0.5731462925851704,0.9790209790209791,0.3142210485166723,0.14200527105990823,0.03435464678371309,0.0026136794146836275
51,15.717167933781942,3.209487279256185,0.606,0.9820009883343217,8,1.0,1,"(1, 3)","{'clf__n_estimators': 8, 'vect__max_df': 1.0, 'vect__min_df': 1, 'vect__ngram_range': (1, 3)}",247,0.5668662674650699,0.983983983983984,0.604,0.981,0.6472945891783567,0.981018981018981,0.40028762249926675,0.08023293289022854,0.03286510068638219,0.001402211082470643
52,1.9474615255991619,0.7900276978810629,0.646,0.9820016536683204,8,1.0,10,"(1, 1)","{'clf__n_estimators': 8, 'vect__max_df': 1.0, 'vect__min_df': 10, 'vect__ngram_range': (1, 1)}",207,0.6327345309381237,0.982982982982983,0.684,0.985,0.6212424849699398,0.978021978021978,0.3130452567335257,0.1841442345852516,0.02727656684245772,0.0029320587874167615
53,5.314141273498535,1.1300076643625896,0.6366666666666667,0.9823299873299872,8,1.0,10,"(2, 2)","{'clf__n_estimators': 8, 'vect__max_df': 1.0, 'vect__min_df': 10, 'vect__ngram_range': (2, 2)}",223,0.6367265469061876,0.975975975975976,0.624,0.985,0.6492985971943888,0.986013986013986,0.39224763651201017,0.1990466326274331,0.010323025634930531,0.004511994172892135
54,5.071995655695598,1.3149709701538086,0.648,0.9873339906673241,8,1.0,10,"(1, 2)","{'clf__n_estimators': 8, 'vect__max_df': 1.0, 'vect__min_df': 10, 'vect__ngram_range': (1, 2)}",204,0.6487025948103793,0.986986986986987,0.662,0.99,0.6332665330661322,0.985014985014985,0.015448128010649844,0.02544687458956838,0.011735068875555582,0.0020498621524111748
55,10.77991533279419,1.90863831837972,0.634,0.9856679913346579,8,1.0,10,"(1, 3)","{'clf__n_estimators': 8, 'vect__max_df': 1.0, 'vect__min_df': 10, 'vect__ngram_range': (1, 3)}",224,0.6447105788423154,0.988988988988989,0.626,0.983,0.6312625250501002,0.985014985014985,0.2983129609028992,0.06115537749622928,0.007882992530311824,0.002488213578414259
56,1.5045559406280518,0.591749906539917,0.6726666666666666,0.9806653213319879,8,1.0,20,"(1, 1)","{'clf__n_estimators': 8, 'vect__max_df': 1.0, 'vect__min_df': 20, 'vect__ngram_range': (1, 1)}",163,0.6806387225548902,0.97997997997998,0.676,0.978,0.6613226452905812,0.984015984015984,0.12064133852439446,0.006211352708486353,0.008230458490375125,0.0025033691293565325
57,3.995934009552002,0.9256012439727783,0.6093333333333333,0.9819993226659894,8,1.0,20,"(2, 2)","{'clf__n_estimators': 8, 'vect__max_df': 1.0, 'vect__min_df': 20, 'vect__ngram_range': (2, 2)}",245,0.626746506986028,0.982982982982983,0.596,0.978,0.6052104208416834,0.985014985014985,0.023772525505230967,0.032128734986422575,0.012891434394834554,0.002947110947412409
58,4.752997716267903,1.3163936138153076,0.6446666666666667,0.9819989883323217,8,1.0,20,"(1, 2)","{'clf__n_estimators': 8, 'vect__max_df': 1.0, 'vect__min_df': 20, 'vect__ngram_range': (1, 2)}",212,0.6467065868263473,0.980980980980981,0.648,0.981,0.6392785571142284,0.984015984015984,0.06133161608681948,0.028103719550205363,0.003840762468463628,0.0014262524605191816
59,11.609448115030924,2.364509344100952,0.6326666666666667,0.9833343250009916,8,1.0,20,"(1, 3)","{'clf__n_estimators': 8, 'vect__max_df': 1.0, 'vect__min_df': 20, 'vect__ngram_range': (1, 3)}",228,0.6207584830339321,0.988988988988989,0.628,0.975,0.6492985971943888,0.986013986013986,0.47747473347783176,0.11924121355288805,0.012109694404847481,0.00601710841916257
60,1.686226765314738,0.6994252999623617,0.6573333333333333,0.984332989666323,8,1.0,30,"(1, 1)","{'clf__n_estimators': 8, 'vect__max_df': 1.0, 'vect__min_df': 30, 'vect__ngram_range': (1, 1)}",187,0.6666666666666666,0.983983983983984,0.644,0.984,0.6613226452905812,0.985014985014985,0.09800768319058349,0.08952982942489804,0.009677222256129183,0.00048228786002392574
61,4.650554736455281,1.0716870625813801,0.6,0.9796656536656537,8,1.0,30,"(2, 2)","{'clf__n_estimators': 8, 'vect__max_df': 1.0, 'vect__min_df': 30, 'vect__ngram_range': (2, 2)}",251,0.6107784431137725,0.978978978978979,0.584,0.978,0.6052104208416834,0.9820179820179821,0.12181632650672762,0.12304190707578139,0.011539806093193227,0.0017106892311183983
62,5.786593993504842,1.2423437436421711,0.6453333333333333,0.985333990667324,8,1.0,30,"(1, 2)","{'clf__n_estimators': 8, 'vect__max_df': 1.0, 'vect__min_df': 30, 'vect__ngram_range': (1, 2)}",208,0.6407185628742516,0.986986986986987,0.636,0.984,0.6593186372745491,0.985014985014985,0.01298583997066792,0.012685504419319985,0.010060605657537613,0.0012401199591909203
63,12.528523604075113,1.8142763773600261,0.6453333333333333,0.9843356583356583,8,1.0,30,"(1, 3)","{'clf__n_estimators': 8, 'vect__max_df': 1.0, 'vect__min_df': 30, 'vect__ngram_range': (1, 3)}",208,0.656686626746507,0.990990990990991,0.65,0.978,0.6292585170340681,0.984015984015984,0.36978547005782897,0.03994479283017963,0.011673556488392262,0.005308364813197922
64,1.7799796263376872,0.7767187754313151,0.6993333333333334,0.9976669983336649,16,0.25,1,"(1, 1)","{'clf__n_estimators': 16, 'vect__max_df': 0.25, 'vect__min_df': 1, 'vect__ngram_range': (1, 1)}",109,0.6926147704590818,0.997997997997998,0.71,0.998,0.6953907815631263,0.997002997002997,0.32893620462004314,0.17877829431784653,0.007627139482992725,0.00046952055499887543
65,4.941482305526733,1.0970113277435303,0.6166666666666667,0.998333665666999,16,0.25,1,"(2, 2)","{'clf__n_estimators': 16, 'vect__max_df': 0.25, 'vect__min_df': 1, 'vect__ngram_range': (2, 2)}",243,0.624750499001996,0.998998998998999,0.628,0.998,0.5971943887775552,0.998001998001998,0.05579744854077015,0.027870073755244973,0.013812250038027975,0.0004704624179150348
66,5.893752098083496,1.7117106914520264,0.642,0.999332999666333,16,0.25,1,"(1, 2)","{'clf__n_estimators': 16, 'vect__max_df': 0.25, 'vect__min_df': 1, 'vect__ngram_range': (1, 2)}",215,0.6367265469061876,0.998998998998999,0.64,0.999,0.6492985971943888,1.0,0.054042183359545734,0.11719507992818208,0.005323780239379805,0.0004716406360317575
67,15.347541650136312,3.1554567019144693,0.6253333333333333,0.9989996656663324,16,0.25,1,"(1, 3)","{'clf__n_estimators': 16, 'vect__max_df': 0.25, 'vect__min_df': 1, 'vect__ngram_range': (1, 3)}",236,0.6187624750499002,0.997997997997998,0.628,1.0,0.6292585170340681,0.999000999000999,0.6135141430084174,0.25424184263836935,0.004681520230280592,0.0008173144386101598
68,1.9659069379170735,0.9063390890757242,0.7073333333333334,0.9973356643356643,16,0.25,10,"(1, 1)","{'clf__n_estimators': 16, 'vect__max_df': 0.25, 'vect__min_df': 10, 'vect__ngram_range': (1, 1)}",100,0.6966067864271457,1.0,0.716,0.999,0.7094188376753507,0.993006993006993,0.025177077324540494,0.14379627609907844,0.008056894913936925,0.0030879385360620807
69,6.131436268488566,1.4435645739237468,0.6546666666666666,0.9979999986666653,16,0.25,10,"(2, 2)","{'clf__n_estimators': 16, 'vect__max_df': 0.25, 'vect__min_df': 10, 'vect__ngram_range': (2, 2)}",191,0.6427145708582834,0.997997997997998,0.648,0.998,0.6733466933867736,0.998001998001998,0.909428253805804,0.3006380772783484,0.013364483470664842,1.632995066979898e-06
70,5.4853425820668535,1.3344918092091878,0.7073333333333334,0.9979996656663324,16,0.25,10,"(1, 2)","{'clf__n_estimators': 16, 'vect__max_df': 0.25, 'vect__min_df': 10, 'vect__ngram_range': (1, 2)}",100,0.6706586826347305,0.997997997997998,0.71,0.997,0.7414829659318637,0.999000999000999,0.45511104192139107,0.04715296412938971,0.0289752548840371,0.000816905272492081
71,12.717912991841635,2.673031727472941,0.7213333333333334,0.9986666659999993,16,0.25,10,"(1, 3)","{'clf__n_estimators': 16, 'vect__max_df': 0.25, 'vect__min_df': 10, 'vect__ngram_range': (1, 3)}",82,0.7105788423153693,0.998998998998999,0.72,0.998,0.7334669338677354,0.999000999000999,1.0131534295645115,0.3372200894271051,0.009391449770792301,0.0004714047564944258
72,1.9957008361816406,0.7834242979685465,0.7246666666666667,0.997002331002331,16,0.25,20,"(1, 1)","{'clf__n_estimators': 16, 'vect__max_df': 0.25, 'vect__min_df': 20, 'vect__ngram_range': (1, 1)}",79,0.720558882235529,1.0,0.732,0.998,0.7214428857715431,0.993006993006993,0.2712652188155777,0.10726358445674436,0.005197993081616016,0.0029407532224180835
73,5.380767107009888,1.4954834779103596,0.6406666666666667,0.9966663309996644,16,0.25,20,"(2, 2)","{'clf__n_estimators': 16, 'vect__max_df': 0.25, 'vect__min_df': 20, 'vect__ngram_range': (2, 2)}",218,0.6467065868263473,0.995995995995996,0.652,0.997,0.6232464929859719,0.997002997002997,0.0490457487399962,0.029908363370459823,0.012488041845625379,0.0004740000058818726
74,6.276747067769368,1.860382318496704,0.6886666666666666,0.9986666659999993,16,0.25,20,"(1, 2)","{'clf__n_estimators': 16, 'vect__max_df': 0.25, 'vect__min_df': 20, 'vect__ngram_range': (1, 2)}",134,0.6806387225548902,0.998998998998999,0.704,0.998,0.6813627254509018,0.999000999000999,0.0949771731070606,0.07149425091663117,0.010846332033073383,0.0004714047564944258
75,12.440325419108072,2.221867481867472,0.6906666666666667,0.999000666000666,16,0.25,20,"(1, 3)","{'clf__n_estimators': 16, 'vect__max_df': 0.25, 'vect__min_df': 20, 'vect__ngram_range': (1, 3)}",132,0.7005988023952096,1.0,0.664,0.999,0.7074148296593187,0.998001998001998,0.7939293887018747,0.3292706275859616,0.019060392507175266,0.0008156810359745214
76,1.663568655649821,0.7362337907155355,0.72,0.9986663329996665,16,0.25,30,"(1, 1)","{'clf__n_estimators': 16, 'vect__max_df': 0.25, 'vect__min_df': 30, 'vect__ngram_range': (1, 1)}",87,0.7345309381237525,0.998998998998999,0.726,0.997,0.6993987975951904,1.0,0.29954332401953626,0.14029416174849232,0.014956951344048694,0.001247130038751376
77,5.027050495147705,1.0165054003397624,0.6333333333333333,0.9976669990003323,16,0.25,30,"(2, 2)","{'clf__n_estimators': 16, 'vect__max_df': 0.25, 'vect__min_df': 30, 'vect__ngram_range': (2, 2)}",227,0.6606786427145709,0.998998998998999,0.628,0.996,0.6112224448897795,0.998001998001998,0.39239627143254663,0.08355001658769949,0.020539551492004475,0.001247041030422821
78,6.792069276173909,2.1982043584187827,0.7053333333333334,0.9970009976676644,16,0.25,30,"(1, 2)","{'clf__n_estimators': 16, 'vect__max_df': 0.25, 'vect__min_df': 30, 'vect__ngram_range': (1, 2)}",104,0.7045908183632734,0.997997997997998,0.706,0.998,0.7054108216432866,0.995004995004995,0.7744472369888475,0.13544641573420138,0.0005781776000134822,0.0014113872546872555
79,13.01903239885966,2.3123229344685874,0.7093333333333334,0.9970006653339988,16,0.25,30,"(1, 3)","{'clf__n_estimators': 16, 'vect__max_df': 0.25, 'vect__min_df': 30, 'vect__ngram_range': (1, 3)}",98,0.7045908183632734,0.998998998998999,0.72,0.995,0.7034068136272545,0.997002997002997,0.6042521340786781,0.24137631298074722,0.007557944991208241,0.0016325853374344718
80,1.9092230002085369,0.8328590393066406,0.6813333333333333,0.998333665666999,16,0.5,1,"(1, 1)","{'clf__n_estimators': 16, 'vect__max_df': 0.5, 'vect__min_df': 1, 'vect__ngram_range': (1, 1)}",147,0.6946107784431138,0.998998998998999,0.654,0.998,0.6953907815631263,0.998001998001998,0.22116125518809238,0.15358387410175034,0.01933020837862741,0.0004704624179150348
81,5.478279193242391,1.2014958063761394,0.6246666666666667,0.998666332332999,16,0.5,1,"(2, 2)","{'clf__n_estimators': 16, 'vect__max_df': 0.5, 'vect__min_df': 1, 'vect__ngram_range': (2, 2)}",237,0.6207584830339321,0.997997997997998,0.614,0.999,0.6392785571142284,0.999000999000999,0.04844154332283045,0.051593313762009166,0.010679615359025658,0.0004725839163624123
82,6.488665660222371,1.6973098913828533,0.66,0.9989999993333326,16,0.5,1,"(1, 2)","{'clf__n_estimators': 16, 'vect__max_df': 0.5, 'vect__min_df': 1, 'vect__ngram_range': (1, 2)}",180,0.6487025948103793,0.998998998998999,0.68,0.999,0.6513026052104208,0.999000999000999,0.016394755133612555,0.04655559276384896,0.014181913522982426,8.164975335126038e-07
83,15.94747797648112,2.847771962483724,0.6406666666666667,0.9983326653326653,16,0.5,1,"(1, 3)","{'clf__n_estimators': 16, 'vect__max_df': 0.5, 'vect__min_df': 1, 'vect__ngram_range': (1, 3)}",218,0.6606786427145709,0.996996996996997,0.652,0.999,0.6092184368737475,0.999000999000999,0.6869481017452979,0.2968117686053564,0.02248508959993303,0.0009444602256248787
84,1.9518973032633464,0.6632402737935384,0.6886666666666666,0.9986666659999993,16,0.5,10,"(1, 1)","{'clf__n_estimators': 16, 'vect__max_df': 0.5, 'vect__min_df': 10, 'vect__ngram_range': (1, 1)}",134,0.6946107784431138,0.998998998998999,0.686,0.998,0.685370741482966,0.999000999000999,0.1779511367922458,0.009359213735482971,0.004217251767938835,0.0004714047564944258
85,5.500680923461914,1.5124104022979736,0.6506666666666666,0.9976669976669976,16,0.5,10,"(2, 2)","{'clf__n_estimators': 16, 'vect__max_df': 0.5, 'vect__min_df': 10, 'vect__ngram_range': (2, 2)}",198,0.6626746506986028,0.996996996996997,0.634,1.0,0.655310621242485,0.996003996003996,0.7306817056938942,0.1412303061584408,0.012162524725895954,0.0016987618348610995
86,6.954282681147258,1.4049772421518962,0.6853333333333333,0.998333332666666,16,0.5,10,"(1, 2)","{'clf__n_estimators': 16, 'vect__max_df': 0.5, 'vect__min_df': 10, 'vect__ngram_range': (1, 2)}",139,0.6646706586826348,0.998998998998999,0.698,0.997,0.6933867735470942,0.999000999000999,0.7437722220180873,0.06789578227060193,0.014753221613041833,0.000942808923731294
87,11.558939615885416,2.1952242851257324,0.684,0.9979989983323317,16,0.5,10,"(1, 3)","{'clf__n_estimators': 16, 'vect__max_df': 0.5, 'vect__min_df': 10, 'vect__ngram_range': (1, 3)}",141,0.6826347305389222,0.995995995995996,0.672,0.999,0.6973947895791583,0.999000999000999,0.23411064597141326,0.18022110627467258,0.01040719680024265,0.0014163365934752085
88,1.650408665339152,0.7368350823720297,0.6966666666666667,0.998333332666666,16,0.5,20,"(1, 1)","{'clf__n_estimators': 16, 'vect__max_df': 0.5, 'vect__min_df': 20, 'vect__ngram_range': (1, 1)}",121,0.7005988023952096,0.998998998998999,0.68,0.997,0.7094188376753507,0.999000999000999,0.0845641500161265,0.07592706965865353,0.01232291932744413,0.000942808923731294
89,4.729144970575969,1.0190970102945964,0.678,0.998333665666999,16,0.5,20,"(2, 2)","{'clf__n_estimators': 16, 'vect__max_df': 0.5, 'vect__min_df': 20, 'vect__ngram_range': (2, 2)}",152,0.6666666666666666,0.998998998998999,0.67,0.998,0.6973947895791583,0.998001998001998,0.29466796139611384,0.056764124981243495,0.013761139492880221,0.0004704624179150348
90,6.500147740046184,1.8581046263376872,0.6913333333333334,0.998666332332999,16,0.5,20,"(1, 2)","{'clf__n_estimators': 16, 'vect__max_df': 0.5, 'vect__min_df': 20, 'vect__ngram_range': (1, 2)}",130,0.6946107784431138,0.997997997997998,0.684,0.999,0.6953907815631263,0.999000999000999,0.2675359244510642,0.04494764768549381,0.005195217925601429,0.0004725839163624123
91,14.524904330571493,2.931373119354248,0.6886666666666666,0.9973333313333314,16,0.5,20,"(1, 3)","{'clf__n_estimators': 16, 'vect__max_df': 0.5, 'vect__min_df': 20, 'vect__ngram_range': (1, 3)}",134,0.6786427145708582,0.996996996996997,0.704,0.998,0.6833667334669339,0.997002997002997,0.4104368814054797,0.16177001321844006,0.011012489868314625,0.0004714122989177308
92,2.0598409175872803,0.8430463473002116,0.6993333333333334,0.999,16,0.5,30,"(1, 1)","{'clf__n_estimators': 16, 'vect__max_df': 0.5, 'vect__min_df': 30, 'vect__ngram_range': (1, 1)}",109,0.716566866267465,1.0,0.69,0.997,0.6913827655310621,1.0,0.31077463928689547,0.12865942908941683,0.012217267331383225,0.0014142135623730965
93,5.333415349324544,1.0419681866963704,0.648,0.999,16,0.5,30,"(2, 2)","{'clf__n_estimators': 16, 'vect__max_df': 0.5, 'vect__min_df': 30, 'vect__ngram_range': (2, 2)}",204,0.6646706586826348,1.0,0.632,0.997,0.6472945891783567,1.0,0.6072030450927915,0.13538389524531186,0.013353692271592502,0.0014142135623730965
94,6.306822299957275,1.4435482025146484,0.68,0.9983333319999986,16,0.5,30,"(1, 2)","{'clf__n_estimators': 16, 'vect__max_df': 0.5, 'vect__min_df': 30, 'vect__ngram_range': (1, 2)}",150,0.6946107784431138,0.997997997997998,0.666,0.999,0.6793587174348698,0.998001998001998,0.4509201651479717,0.15971775782347347,0.011694902269063915,0.00047140829201965464
95,14.361965576807657,2.7656803131103516,0.7013333333333334,0.9979986653319987,16,0.5,30,"(1, 3)","{'clf__n_estimators': 16, 'vect__max_df': 0.5, 'vect__min_df': 30, 'vect__ngram_range': (1, 3)}",107,0.7025948103792415,0.995995995995996,0.694,0.998,0.7074148296593187,1.0,0.8654539192077414,0.3893415999029031,0.005546257390699119,0.0016346280620830479
96,1.9810880025227864,1.0939433574676514,0.6653333333333333,0.9976669990003323,16,0.75,1,"(1, 1)","{'clf__n_estimators': 16, 'vect__max_df': 0.75, 'vect__min_df': 1, 'vect__ngram_range': (1, 1)}",173,0.6626746506986028,0.998998998998999,0.69,0.996,0.6432865731462926,0.998001998001998,0.15020763212023988,0.08875910078992374,0.019153891601610715,0.001247041030422821
97,5.6053212483723955,1.2537306944529216,0.6293333333333333,0.998666665333332,16,0.75,1,"(2, 2)","{'clf__n_estimators': 16, 'vect__max_df': 0.75, 'vect__min_df': 1, 'vect__ngram_range': (2, 2)}",233,0.6367265469061876,0.997997997997998,0.61,1.0,0.6412825651302605,0.998001998001998,0.18265918511555906,0.15371947642012926,0.013796681680523809,0.0009428113986059631
98,6.6639688809712725,1.6375133991241455,0.6486666666666666,0.9979996656663324,16,0.75,1,"(1, 2)","{'clf__n_estimators': 16, 'vect__max_df': 0.75, 'vect__min_df': 1, 'vect__ngram_range': (1, 2)}",202,0.6187624750499002,0.997997997997998,0.674,0.997,0.6533066132264529,0.999000999000999,0.3659922048379721,0.07012503301551888,0.02279848694725219,0.000816905272492081
99,13.77688185373942,2.498445669809977,0.6626666666666666,0.9976663309996644,16,0.75,1,"(1, 3)","{'clf__n_estimators': 16, 'vect__max_df': 0.75, 'vect__min_df': 1, 'vect__ngram_range': (1, 3)}",175,0.6447105788423154,0.995995995995996,0.656,1.0,0.687374749498998,0.997002997002997,0.1869469988480665,0.11691000766135747,0.018044193480775836,0.0017005922516133518
100,1.6454367637634277,0.6402899424235026,0.6873333333333334,0.9973343310009977,16,0.75,10,"(1, 1)","{'clf__n_estimators': 16, 'vect__max_df': 0.75, 'vect__min_df': 10, 'vect__ngram_range': (1, 1)}",137,0.6766467065868264,0.997997997997998,0.676,0.999,0.7094188376753507,0.995004995004995,0.08433702632539765,0.039505521207615454,0.015595627663795469,0.0016971263240567263
101,4.784426371256511,1.2279340426127117,0.6393333333333333,0.9979989983323317,16,0.75,10,"(2, 2)","{'clf__n_estimators': 16, 'vect__max_df': 0.75, 'vect__min_df': 10, 'vect__ngram_range': (2, 2)}",220,0.6227544910179641,0.995995995995996,0.672,0.999,0.6232464929859719,0.999000999000999,0.5890647036185386,0.20832113396361587,0.023099694797051613,0.0014163365934752085
102,5.957717577616374,1.480932394663493,0.682,0.9980003323336657,16,0.75,10,"(1, 2)","{'clf__n_estimators': 16, 'vect__max_df': 0.75, 'vect__min_df': 10, 'vect__ngram_range': (1, 2)}",144,0.7125748502994012,0.998998998998999,0.676,0.997,0.657314629258517,0.998001998001998,0.21295631036417403,0.04438790543238955,0.022955318246248343,0.0008160887739039262
103,13.579220374425253,2.440136671066284,0.682,0.9996666666666667,16,0.75,10,"(1, 3)","{'clf__n_estimators': 16, 'vect__max_df': 0.75, 'vect__min_df': 10, 'vect__ngram_range': (1, 3)}",144,0.6786427145708582,1.0,0.658,0.999,0.7094188376753507,1.0,0.5323273075377407,0.5495467392652802,0.02111542076565474,0.00047140452079103207
104,2.0241764386494956,0.8075829346974691,0.6833333333333333,0.9980016650016651,16,0.75,20,"(1, 1)","{'clf__n_estimators': 16, 'vect__max_df': 0.75, 'vect__min_df': 20, 'vect__ngram_range': (1, 1)}",142,0.6786427145708582,1.0,0.682,0.999,0.6893787575150301,0.995004995004995,0.28224068039593125,0.16899069799686905,0.004483218531032567,0.002157934707338906
105,5.19680913289388,1.2372045516967773,0.652,0.9986669990003323,16,0.75,20,"(2, 2)","{'clf__n_estimators': 16, 'vect__max_df': 0.75, 'vect__min_df': 20, 'vect__ngram_range': (2, 2)}",196,0.626746506986028,0.998998998998999,0.672,0.999,0.657314629258517,0.998001998001998,0.4492798699591167,0.17720287032524995,0.0188609223953719,0.00047022689299247187
106,5.753946701685588,1.3848014672597249,0.71,0.9986669990003323,16,0.75,20,"(1, 2)","{'clf__n_estimators': 16, 'vect__max_df': 0.75, 'vect__min_df': 20, 'vect__ngram_range': (1, 2)}",96,0.7485029940119761,0.998998998998999,0.698,0.999,0.6833667334669339,0.998001998001998,0.18083269685607842,0.036825725044236396,0.027912707580544358,0.00047022689299247187
107,12.503184000651041,2.4476985136667886,0.678,0.998666665333332,16,0.75,20,"(1, 3)","{'clf__n_estimators': 16, 'vect__max_df': 0.75, 'vect__min_df': 20, 'vect__ngram_range': (1, 3)}",152,0.6766467065868264,0.997997997997998,0.688,1.0,0.6693386773547094,0.998001998001998,0.30293488210661224,0.22624879815026636,0.007674710392237483,0.0009428113986059631
108,1.9457464218139648,0.7417960166931152,0.7026666666666667,0.9980003316669984,16,0.75,30,"(1, 1)","{'clf__n_estimators': 16, 'vect__max_df': 0.75, 'vect__min_df': 30, 'vect__ngram_range': (1, 1)}",106,0.6946107784431138,0.997997997997998,0.726,0.999,0.687374749498998,0.997002997002997,0.24393305816995575,0.06309048462676974,0.016761529558152653,0.0008152747295719805
109,6.140452941258748,1.6171224117279053,0.634,0.998001332001332,16,0.75,30,"(2, 2)","{'clf__n_estimators': 16, 'vect__max_df': 0.75, 'vect__min_df': 30, 'vect__ngram_range': (2, 2)}",224,0.654690618762475,1.0,0.628,0.998,0.6192384769539078,0.996003996003996,0.38569351599971935,0.4304130715705717,0.015082270670102068,0.0016313620719489975
110,6.510024388631185,1.7166136105855305,0.6946666666666667,0.9976666646666645,16,0.75,30,"(1, 2)","{'clf__n_estimators': 16, 'vect__max_df': 0.75, 'vect__min_df': 30, 'vect__ngram_range': (1, 2)}",125,0.6846307385229541,0.996996996996997,0.686,0.999,0.7134268537074149,0.997002997002997,0.4824693755644084,0.3144338531707441,0.013257364407409357,0.0009428136377737888
111,11.249776601791382,2.0798655351003013,0.6846666666666666,0.9990003330003331,16,0.75,30,"(1, 3)","{'clf__n_estimators': 16, 'vect__max_df': 0.75, 'vect__min_df': 30, 'vect__ngram_range': (1, 3)}",140,0.716566866267465,1.0,0.66,0.998,0.6773547094188377,0.999000999000999,0.3389796297811013,0.0700355915301871,0.023674601114843524,0.0008164967167387211
112,1.6667283376057942,0.7059745788574219,0.6746666666666666,0.998998998998999,16,1.0,1,"(1, 1)","{'clf__n_estimators': 16, 'vect__max_df': 1.0, 'vect__min_df': 1, 'vect__ngram_range': (1, 1)}",161,0.6906187624750499,0.996996996996997,0.648,1.0,0.685370741482966,1.0,0.03865974720612147,0.03452694628569283,0.018977508387122335,0.0014156291915646802
113,5.973178068796794,1.3571054140726726,0.634,0.9973343310009977,16,1.0,1,"(2, 2)","{'clf__n_estimators': 16, 'vect__max_df': 1.0, 'vect__min_df': 1, 'vect__ngram_range': (2, 2)}",224,0.6447105788423154,0.997997997997998,0.612,0.999,0.6452905811623246,0.995004995004995,0.23328742119272644,0.13623324688380303,0.015558151139866671,0.0016971263240567263
114,7.4848752816518145,2.150105079015096,0.66,0.9986669996669996,16,1.0,1,"(1, 2)","{'clf__n_estimators': 16, 'vect__max_df': 1.0, 'vect__min_df': 1, 'vect__ngram_range': (1, 2)}",180,0.6686626746506986,1.0,0.688,0.997,0.6232464929859719,0.999000999000999,0.44208122788831183,0.10181125970176101,0.02712508465880868,0.0012473082127349318
115,13.745010375976562,2.5061799685160318,0.6506666666666666,0.9993339993339992,16,1.0,1,"(1, 3)","{'clf__n_estimators': 16, 'vect__max_df': 1.0, 'vect__min_df': 1, 'vect__ngram_range': (1, 3)}",198,0.6946107784431138,1.0,0.626,1.0,0.6312625250501002,0.998001998001998,0.654310254279311,0.2765774878142079,0.03119379876747398,0.0009418671744076762
116,1.5574870109558105,0.6586809158325195,0.694,0.9976676650009985,16,1.0,10,"(1, 1)","{'clf__n_estimators': 16, 'vect__max_df': 1.0, 'vect__min_df': 10, 'vect__ngram_range': (1, 1)}",128,0.6826347305389222,0.998998998998999,0.714,0.998,0.685370741482966,0.996003996003996,0.036551690819162694,0.07590591393644441,0.014186177109795403,0.0012450825002626117
117,4.277037064234416,0.9205042521158854,0.6573333333333333,0.9976659986659987,16,1.0,10,"(2, 2)","{'clf__n_estimators': 16, 'vect__max_df': 1.0, 'vect__min_df': 10, 'vect__ngram_range': (2, 2)}",187,0.6726546906187625,0.996996996996997,0.654,0.997,0.6452905811623246,0.999000999000999,0.19776258347033326,0.002004083593531908,0.011417273642010594,0.0009439885858579329
118,4.9785763422648115,1.2890485922495525,0.682,0.998333665666999,16,1.0,10,"(1, 2)","{'clf__n_estimators': 16, 'vect__max_df': 1.0, 'vect__min_df': 10, 'vect__ngram_range': (1, 2)}",144,0.654690618762475,0.998998998998999,0.692,0.998,0.6993987975951904,0.998001998001998,0.020579559901889588,0.022829304789277402,0.01957384845166734,0.0004704624179150348
119,11.075614929199219,2.1876800855000815,0.6966666666666667,0.9990009990009989,16,1.0,10,"(1, 3)","{'clf__n_estimators': 16, 'vect__max_df': 1.0, 'vect__min_df': 10, 'vect__ngram_range': (1, 3)}",121,0.6826347305389222,1.0,0.686,1.0,0.7214428857715431,0.997002997002997,0.05730159807549243,0.16315288924236687,0.017547080581495064,0.0014128007616114881
120,1.6879085699717205,0.6254277229309082,0.6906666666666667,0.9976659979993313,16,1.0,20,"(1, 1)","{'clf__n_estimators': 16, 'vect__max_df': 1.0, 'vect__min_df': 20, 'vect__ngram_range': (1, 1)}",132,0.7105788423153693,0.995995995995996,0.68,0.999,0.6813627254509018,0.998001998001998,0.15300675300204267,0.06793896585753907,0.014112118926922426,0.0012491816028536555
121,4.493730227152507,1.0392090479532878,0.6453333333333333,0.9983333319999986,16,1.0,20,"(2, 2)","{'clf__n_estimators': 16, 'vect__max_df': 1.0, 'vect__min_df': 20, 'vect__ngram_range': (2, 2)}",208,0.6447105788423154,0.997997997997998,0.658,0.999,0.6332665330661322,0.998001998001998,0.20086806235024854,0.11710260675651352,0.010101971698600689,0.00047140829201965464
122,7.419417301813762,1.6135393778483074,0.6773333333333333,0.998333665666999,16,1.0,20,"(1, 2)","{'clf__n_estimators': 16, 'vect__max_df': 1.0, 'vect__min_df': 20, 'vect__ngram_range': (1, 2)}",157,0.7045908183632734,0.998998998998999,0.682,0.998,0.6452905811623246,0.998001998001998,0.2032495482897738,0.18091931274079864,0.02443302887264695,0.0004704624179150348
123,11.543608585993448,2.3182992140452066,0.7166666666666667,0.9983323323323323,16,1.0,20,"(1, 3)","{'clf__n_estimators': 16, 'vect__max_df': 1.0, 'vect__min_df': 20, 'vect__ngram_range': (1, 3)}",90,0.7265469061876247,0.996996996996997,0.696,0.998,0.7274549098196392,1.0,0.21837794253791537,0.09790653923342044,0.014618240891840143,0.001248289588022055
124,1.6306731700897217,0.6357172330220541,0.7213333333333334,0.9983339993339992,16,1.0,30,"(1, 1)","{'clf__n_estimators': 16, 'vect__max_df': 1.0, 'vect__min_df': 30, 'vect__ngram_range': (1, 1)}",82,0.720558882235529,1.0,0.716,0.997,0.7274549098196392,0.998001998001998,0.08202460793093347,0.045515207018463386,0.004706172180469627,0.0012470414757438267
125,5.767558654149373,1.5466238657633464,0.65,0.9970013313346646,16,1.0,30,"(2, 2)","{'clf__n_estimators': 16, 'vect__max_df': 1.0, 'vect__min_df': 30, 'vect__ngram_range': (2, 2)}",200,0.6347305389221557,0.998998998998999,0.644,0.997,0.6713426853707415,0.995004995004995,0.42379314664870693,0.16763368521559002,0.015537287975360128,0.0016305455744155303
126,6.517911275227864,1.3231289386749268,0.6973333333333334,0.9973333313333314,16,1.0,30,"(1, 2)","{'clf__n_estimators': 16, 'vect__max_df': 1.0, 'vect__min_df': 30, 'vect__ngram_range': (1, 2)}",118,0.7065868263473054,0.996996996996997,0.692,0.998,0.6933867735470942,0.997002997002997,0.1933844184046843,0.11851989167749248,0.0065774112219540515,0.0004714122989177308
127,11.58220370610555,1.8785583178202312,0.6986666666666667,0.998666332332999,16,1.0,30,"(1, 3)","{'clf__n_estimators': 16, 'vect__max_df': 1.0, 'vect__min_df': 30, 'vect__ngram_range': (1, 3)}",113,0.720558882235529,0.997997997997998,0.686,0.999,0.6893787575150301,0.999000999000999,0.18555586904411012,0.07449191426389999,0.015564541015389701,0.0004725839163624123
128,1.99127197265625,0.760542074839274,0.7206666666666667,1.0,32,0.25,1,"(1, 1)","{'clf__n_estimators': 32, 'vect__max_df': 0.25, 'vect__min_df': 1, 'vect__ngram_range': (1, 1)}",86,0.716566866267465,1.0,0.732,1.0,0.7134268537074149,1.0,0.16322737868564904,0.15028629416258318,0.00811575600064354,0.0
129,6.399704615275065,1.529693603515625,0.644,1.0,32,0.25,1,"(2, 2)","{'clf__n_estimators': 32, 'vect__max_df': 0.25, 'vect__min_df': 1, 'vect__ngram_range': (2, 2)}",214,0.6127744510978044,1.0,0.642,1.0,0.6773547094188377,1.0,0.513326003809897,0.17685097254262308,0.0264026295482487,0.0
130,9.324734449386597,2.022721449534098,0.6833333333333333,0.9996669996669997,32,0.25,1,"(1, 2)","{'clf__n_estimators': 32, 'vect__max_df': 0.25, 'vect__min_df': 1, 'vect__ngram_range': (1, 2)}",142,0.6846307385229541,1.0,0.672,1.0,0.6933867735470942,0.999000999000999,0.19279508356074,0.32974498247294376,0.008774975555566172,0.00047093358720381193
131,17.039912303288776,2.965256373087565,0.6766666666666666,1.0,32,0.25,1,"(1, 3)","{'clf__n_estimators': 32, 'vect__max_df': 0.25, 'vect__min_df': 1, 'vect__ngram_range': (1, 3)}",158,0.654690618762475,1.0,0.72,1.0,0.655310621242485,1.0,0.5737348112124029,0.26200721794964277,0.030642339267944654,0.0
132,2.1583537260691323,0.7345666090647379,0.758,1.0,32,0.25,10,"(1, 1)","{'clf__n_estimators': 32, 'vect__max_df': 0.25, 'vect__min_df': 10, 'vect__ngram_range': (1, 1)}",37,0.7245508982035929,1.0,0.758,1.0,0.7915831663326653,1.0,0.3579531517215798,0.07266901810227878,0.027365754137936658,0.0
133,5.502701600392659,1.2041380405426025,0.698,1.0,32,0.25,10,"(2, 2)","{'clf__n_estimators': 32, 'vect__max_df': 0.25, 'vect__min_df': 10, 'vect__ngram_range': (2, 2)}",115,0.6866267465069861,1.0,0.684,1.0,0.7234468937875751,1.0,0.19344368579749727,0.08175524631426583,0.017998693576994605,0.0
134,6.679981470108032,1.7495519320170085,0.7433333333333333,1.0,32,0.25,10,"(1, 2)","{'clf__n_estimators': 32, 'vect__max_df': 0.25, 'vect__min_df': 10, 'vect__ngram_range': (1, 2)}",54,0.7465069860279441,1.0,0.756,1.0,0.7274549098196392,1.0,0.20038252451427443,0.07049117162435742,0.011862500363568382,0.0
135,15.079474687576294,2.711320718129476,0.7446666666666667,0.9996663329996663,32,0.25,10,"(1, 3)","{'clf__n_estimators': 32, 'vect__max_df': 0.25, 'vect__min_df': 10, 'vect__ngram_range': (1, 3)}",52,0.7285429141716567,0.998998998998999,0.742,1.0,0.7635270541082164,1.0,0.12163936667191594,0.03257137506446492,0.014406124188887722,0.0004718763971882093
136,2.408228635787964,0.8294056256612142,0.7553333333333333,1.0,32,0.25,20,"(1, 1)","{'clf__n_estimators': 32, 'vect__max_df': 0.25, 'vect__min_df': 20, 'vect__ngram_range': (1, 1)}",40,0.7544910179640718,1.0,0.75,1.0,0.7615230460921844,1.0,0.27873840923972154,0.20516461723905974,0.004739594833777466,0.0
137,5.902312835057576,1.2604665756225586,0.6786666666666666,1.0,32,0.25,20,"(2, 2)","{'clf__n_estimators': 32, 'vect__max_df': 0.25, 'vect__min_df': 20, 'vect__ngram_range': (2, 2)}",151,0.6706586826347305,1.0,0.68,1.0,0.685370741482966,1.0,0.5462762933317048,0.24022613837287823,0.006079708643081708,0.0
138,6.780913273493449,1.727530876795451,0.734,1.0,32,0.25,20,"(1, 2)","{'clf__n_estimators': 32, 'vect__max_df': 0.25, 'vect__min_df': 20, 'vect__ngram_range': (1, 2)}",67,0.7225548902195609,1.0,0.744,1.0,0.7354709418837675,1.0,0.30597672793528985,0.16666672383791067,0.00882065495768212,0.0
139,13.459983666737875,2.549163262049357,0.7433333333333333,1.0,32,0.25,20,"(1, 3)","{'clf__n_estimators': 32, 'vect__max_df': 0.25, 'vect__min_df': 20, 'vect__ngram_range': (1, 3)}",54,0.7025948103792415,1.0,0.772,1.0,0.7555110220440882,1.0,0.34528369984115764,0.2997559260011667,0.029623885604329367,0.0
140,1.952808936436971,0.7990297476450602,0.7393333333333333,1.0,32,0.25,30,"(1, 1)","{'clf__n_estimators': 32, 'vect__max_df': 0.25, 'vect__min_df': 30, 'vect__ngram_range': (1, 1)}",62,0.7325349301397206,1.0,0.73,1.0,0.7555110220440882,1.0,0.22961344667385822,0.02991478999834445,0.011469030916109709,0.0
141,5.2445705731709795,1.227079709370931,0.6726666666666666,0.9996663329996663,32,0.25,30,"(2, 2)","{'clf__n_estimators': 32, 'vect__max_df': 0.25, 'vect__min_df': 30, 'vect__ngram_range': (2, 2)}",163,0.6666666666666666,0.998998998998999,0.666,1.0,0.685370741482966,1.0,0.24720960635693703,0.11027168426172455,0.008973798421863096,0.0004718763971882093
142,7.363111654917399,1.9219214916229248,0.7426666666666667,1.0,32,0.25,30,"(1, 2)","{'clf__n_estimators': 32, 'vect__max_df': 0.25, 'vect__min_df': 30, 'vect__ngram_range': (1, 2)}",57,0.7405189620758483,1.0,0.75,1.0,0.7374749498997996,1.0,0.3828763693740125,0.08841598413491818,0.005332280725249847,0.0
143,14.893844922383627,1.9088149865468342,0.7493333333333333,1.0,32,0.25,30,"(1, 3)","{'clf__n_estimators': 32, 'vect__max_df': 0.25, 'vect__min_df': 30, 'vect__ngram_range': (1, 3)}",44,0.7604790419161677,1.0,0.728,1.0,0.7595190380761523,1.0,0.9115825532686146,0.029532634586299046,0.015090034995650545,0.0
144,2.1539127031962075,0.8922497431437174,0.7293333333333333,1.0,32,0.5,1,"(1, 1)","{'clf__n_estimators': 32, 'vect__max_df': 0.5, 'vect__min_df': 1, 'vect__ngram_range': (1, 1)}",72,0.6986027944111777,1.0,0.752,1.0,0.7374749498997996,1.0,0.2897504129755942,0.2718230210901342,0.022555013343257123,0.0
145,5.842771291732788,1.155338446299235,0.638,1.0,32,0.5,1,"(2, 2)","{'clf__n_estimators': 32, 'vect__max_df': 0.5, 'vect__min_df': 1, 'vect__ngram_range': (2, 2)}",222,0.6367265469061876,1.0,0.654,1.0,0.6232464929859719,1.0,0.010883827336542659,0.02107660885487718,0.012581144137455013,0.0
146,6.813410679499309,1.6034945646921794,0.6993333333333334,1.0,32,0.5,1,"(1, 2)","{'clf__n_estimators': 32, 'vect__max_df': 0.5, 'vect__min_df': 1, 'vect__ngram_range': (1, 2)}",109,0.6966067864271457,1.0,0.676,1.0,0.7254509018036072,1.0,0.047319296039738334,0.0469479334551393,0.020270310790463885,0.0
147,14.079607327779135,2.544165293375651,0.6946666666666667,1.0,32,0.5,1,"(1, 3)","{'clf__n_estimators': 32, 'vect__max_df': 0.5, 'vect__min_df': 1, 'vect__ngram_range': (1, 3)}",125,0.6866267465069861,1.0,0.714,1.0,0.6833667334669339,1.0,0.05300545929189586,0.05799678625920055,0.013735361758637803,0.0
148,1.7681245803833008,0.645560105641683,0.7573333333333333,1.0,32,0.5,10,"(1, 1)","{'clf__n_estimators': 32, 'vect__max_df': 0.5, 'vect__min_df': 10, 'vect__ngram_range': (1, 1)}",38,0.7265469061876247,1.0,0.772,1.0,0.7735470941883767,1.0,0.02694430699341966,0.015599003608328414,0.021811091098218355,0.0
149,4.493762652079265,0.9754757086435953,0.6946666666666667,1.0,32,0.5,10,"(2, 2)","{'clf__n_estimators': 32, 'vect__max_df': 0.5, 'vect__min_df': 10, 'vect__ngram_range': (2, 2)}",125,0.6746506986027944,1.0,0.698,1.0,0.7114228456913828,1.0,0.10026417215757419,0.059277536439283324,0.015196045132834785,0.0
150,5.279649575551351,1.3367191155751545,0.7326666666666667,1.0,32,0.5,10,"(1, 2)","{'clf__n_estimators': 32, 'vect__max_df': 0.5, 'vect__min_df': 10, 'vect__ngram_range': (1, 2)}",69,0.7125748502994012,1.0,0.736,1.0,0.749498997995992,1.0,0.03524339217343247,0.029223581629636047,0.015257351030908854,0.0
151,11.182471990585327,2.0766750971476235,0.742,1.0,32,0.5,10,"(1, 3)","{'clf__n_estimators': 32, 'vect__max_df': 0.5, 'vect__min_df': 10, 'vect__ngram_range': (1, 3)}",58,0.7485029940119761,1.0,0.732,1.0,0.7454909819639278,1.0,0.2905642926183751,0.11090437800821885,0.007177188171430389,0.0
152,1.9358803431193035,0.7096899350484213,0.748,1.0,32,0.5,20,"(1, 1)","{'clf__n_estimators': 32, 'vect__max_df': 0.5, 'vect__min_df': 20, 'vect__ngram_range': (1, 1)}",47,0.7584830339321357,1.0,0.742,1.0,0.7434869739478958,1.0,0.028642068888274044,0.05409432056779121,0.007448500022640583,0.0
153,4.353816906611125,1.138104756673177,0.6673333333333333,1.0,32,0.5,20,"(2, 2)","{'clf__n_estimators': 32, 'vect__max_df': 0.5, 'vect__min_df': 20, 'vect__ngram_range': (2, 2)}",169,0.656686626746507,1.0,0.642,1.0,0.7034068136272545,1.0,0.13903150375552212,0.15582231791003898,0.026166455830579027,0.0
154,6.8839826583862305,1.415030558904012,0.75,1.0,32,0.5,20,"(1, 2)","{'clf__n_estimators': 32, 'vect__max_df': 0.5, 'vect__min_df': 20, 'vect__ngram_range': (1, 2)}",43,0.7644710578842315,1.0,0.744,1.0,0.7414829659318637,1.0,0.13990824709613328,0.06883760745024156,0.010299273904836141,0.0
155,11.337765057881674,2.05763832728068,0.7273333333333334,1.0,32,0.5,20,"(1, 3)","{'clf__n_estimators': 32, 'vect__max_df': 0.5, 'vect__min_df': 20, 'vect__ngram_range': (1, 3)}",74,0.7405189620758483,1.0,0.71,1.0,0.7314629258517034,1.0,0.09769883536982565,0.07925184223349699,0.012801984204145809,0.0
156,1.9031745592753093,0.6314093271891276,0.7286666666666667,0.9993333326666659,32,0.5,30,"(1, 1)","{'clf__n_estimators': 32, 'vect__max_df': 0.5, 'vect__min_df': 30, 'vect__ngram_range': (1, 1)}",73,0.7225548902195609,0.998998998998999,0.73,1.0,0.7334669338677354,0.999000999000999,0.10305824353192947,0.04901337265651246,0.004553488655639279,0.00047140569930296855
157,4.801464398701985,1.0492782592773438,0.678,1.0,32,0.5,30,"(2, 2)","{'clf__n_estimators': 32, 'vect__max_df': 0.5, 'vect__min_df': 30, 'vect__ngram_range': (2, 2)}",152,0.6826347305389222,1.0,0.66,1.0,0.6913827655310621,1.0,0.06927222776407714,0.12572823903922856,0.013219479377741776,0.0
158,5.216209173202515,1.2827103932698567,0.7413333333333333,1.0,32,0.5,30,"(1, 2)","{'clf__n_estimators': 32, 'vect__max_df': 0.5, 'vect__min_df': 30, 'vect__ngram_range': (1, 2)}",59,0.7265469061876247,1.0,0.734,1.0,0.7635270541082164,1.0,0.04070673391038131,0.01639074575583399,0.015962765024878017,0.0
159,11.345156192779541,2.136753559112549,0.7493333333333333,1.0,32,0.5,30,"(1, 3)","{'clf__n_estimators': 32, 'vect__max_df': 0.5, 'vect__min_df': 30, 'vect__ngram_range': (1, 3)}",44,0.7584830339321357,1.0,0.752,1.0,0.7374749498997996,1.0,0.4849340195647629,0.05724710226684724,0.008781335914736538,0.0
160,1.9399762153625488,0.81829301516215,0.7073333333333334,1.0,32,0.75,1,"(1, 1)","{'clf__n_estimators': 32, 'vect__max_df': 0.75, 'vect__min_df': 1, 'vect__ngram_range': (1, 1)}",100,0.7025948103792415,1.0,0.714,1.0,0.7054108216432866,1.0,0.07465107653477245,0.049291320748974035,0.004852202610720252,0.0
161,7.673206011454265,1.6892999807993572,0.654,1.0,32,0.75,1,"(2, 2)","{'clf__n_estimators': 32, 'vect__max_df': 0.75, 'vect__min_df': 1, 'vect__ngram_range': (2, 2)}",192,0.6327345309381237,1.0,0.648,1.0,0.6813627254509018,1.0,0.3462958433847777,0.06987394462828384,0.020300623318703692,0.0
162,8.453324953715006,1.7991313139597576,0.698,1.0,32,0.75,1,"(1, 2)","{'clf__n_estimators': 32, 'vect__max_df': 0.75, 'vect__min_df': 1, 'vect__ngram_range': (1, 2)}",115,0.7445109780439122,1.0,0.676,1.0,0.6733466933867736,1.0,0.6536367604975009,0.11689034476370443,0.03295536161067122,0.0
163,17.417968034744263,3.3170222441355386,0.6493333333333333,1.0,32,0.75,1,"(1, 3)","{'clf__n_estimators': 32, 'vect__max_df': 0.75, 'vect__min_df': 1, 'vect__ngram_range': (1, 3)}",201,0.6506986027944112,1.0,0.642,1.0,0.655310621242485,1.0,1.1396951421511528,0.3975641601670031,0.005516701345548335,0.0
164,2.3539942105611167,0.8542253176371256,0.7413333333333333,1.0,32,0.75,10,"(1, 1)","{'clf__n_estimators': 32, 'vect__max_df': 0.75, 'vect__min_df': 10, 'vect__ngram_range': (1, 1)}",59,0.720558882235529,1.0,0.732,1.0,0.7715430861723447,1.0,0.2509243863984705,0.11601428940197996,0.02183541460887161,0.0
165,5.316852410634358,1.113153060277303,0.6973333333333334,1.0,32,0.75,10,"(2, 2)","{'clf__n_estimators': 32, 'vect__max_df': 0.75, 'vect__min_df': 10, 'vect__ngram_range': (2, 2)}",118,0.6646706586826348,1.0,0.722,1.0,0.7054108216432866,1.0,0.3952063348776891,0.1244201008116568,0.024100786890162894,0.0
166,7.456195672353108,1.549101193745931,0.7333333333333333,1.0,32,0.75,10,"(1, 2)","{'clf__n_estimators': 32, 'vect__max_df': 0.75, 'vect__min_df': 10, 'vect__ngram_range': (1, 2)}",68,0.7265469061876247,1.0,0.746,1.0,0.7274549098196392,1.0,0.16752796785442828,0.1144505243333121,0.008964353486924417,0.0
167,11.02517000834147,2.078631321589152,0.7213333333333334,1.0,32,0.75,10,"(1, 3)","{'clf__n_estimators': 32, 'vect__max_df': 0.75, 'vect__min_df': 10, 'vect__ngram_range': (1, 3)}",82,0.720558882235529,1.0,0.73,1.0,0.7134268537074149,1.0,0.23512427394279542,0.17804358660388134,0.006784774140134671,0.0
168,1.827717940012614,0.718437115351359,0.7246666666666667,0.9996663329996663,32,0.75,20,"(1, 1)","{'clf__n_estimators': 32, 'vect__max_df': 0.75, 'vect__min_df': 20, 'vect__ngram_range': (1, 1)}",79,0.7145708582834331,0.998998998998999,0.724,1.0,0.7354709418837675,1.0,0.08556976775333207,0.1277210192394358,0.008545418661289805,0.0004718763971882093
169,4.965809981028239,1.2868709564208984,0.6913333333333334,1.0,32,0.75,20,"(2, 2)","{'clf__n_estimators': 32, 'vect__max_df': 0.75, 'vect__min_df': 20, 'vect__ngram_range': (2, 2)}",130,0.6806387225548902,1.0,0.706,1.0,0.687374749498998,1.0,0.3348104912421463,0.2529908829360279,0.010729299533123002,0.0
170,5.7013959884643555,1.433025598526001,0.7466666666666667,1.0,32,0.75,20,"(1, 2)","{'clf__n_estimators': 32, 'vect__max_df': 0.75, 'vect__min_df': 20, 'vect__ngram_range': (1, 2)}",48,0.7445109780439122,1.0,0.746,1.0,0.749498997995992,1.0,0.12692316539386508,0.020080646353575936,0.0020901984297472384,0.0
171,12.222599267959595,2.522378365198771,0.7386666666666667,1.0,32,0.75,20,"(1, 3)","{'clf__n_estimators': 32, 'vect__max_df': 0.75, 'vect__min_df': 20, 'vect__ngram_range': (1, 3)}",63,0.7285429141716567,1.0,0.74,1.0,0.7474949899799599,1.0,0.21655672030662645,0.1995538720999346,0.007794368416280792,0.0
172,1.9516639709472656,0.916886568069458,0.7366666666666667,1.0,32,0.75,30,"(1, 1)","{'clf__n_estimators': 32, 'vect__max_df': 0.75, 'vect__min_df': 30, 'vect__ngram_range': (1, 1)}",66,0.7345309381237525,1.0,0.76,1.0,0.7154308617234469,1.0,0.07072363694560266,0.21131917591971527,0.01824894879428752,0.0
173,6.041499694188436,1.1066463788350422,0.678,1.0,32,0.75,30,"(2, 2)","{'clf__n_estimators': 32, 'vect__max_df': 0.75, 'vect__min_df': 30, 'vect__ngram_range': (2, 2)}",152,0.7085828343313373,1.0,0.664,1.0,0.6613226452905812,1.0,0.08831686202611415,0.08391168499825359,0.02168531198017885,0.0
174,6.898957967758179,1.735448678334554,0.726,1.0,32,0.75,30,"(1, 2)","{'clf__n_estimators': 32, 'vect__max_df': 0.75, 'vect__min_df': 30, 'vect__ngram_range': (1, 2)}",77,0.7445109780439122,1.0,0.724,1.0,0.7094188376753507,1.0,0.11007420538185309,0.17197364407769655,0.014395910239911647,0.0
175,12.668871800104776,2.513478676478068,0.7446666666666667,1.0,32,0.75,30,"(1, 3)","{'clf__n_estimators': 32, 'vect__max_df': 0.75, 'vect__min_df': 30, 'vect__ngram_range': (1, 3)}",52,0.7285429141716567,1.0,0.77,1.0,0.7354709418837675,1.0,0.45165773470565523,0.3997095641222706,0.018135281954075218,0.0
176,2.205668290456136,0.8001179695129395,0.7193333333333334,1.0,32,1.0,1,"(1, 1)","{'clf__n_estimators': 32, 'vect__max_df': 1.0, 'vect__min_df': 1, 'vect__ngram_range': (1, 1)}",88,0.6926147704590818,1.0,0.752,1.0,0.7134268537074149,1.0,0.3029499223741314,0.12527618607208946,0.024611902303213785,0.0
177,6.753299077351888,1.237963596979777,0.6653333333333333,1.0,32,1.0,1,"(2, 2)","{'clf__n_estimators': 32, 'vect__max_df': 1.0, 'vect__min_df': 1, 'vect__ngram_range': (2, 2)}",173,0.6506986027944112,1.0,0.708,1.0,0.6372745490981964,1.0,0.4646634863912848,0.015208580598718003,0.03066359902270475,0.0
178,8.335969924926758,1.7959846655527751,0.7246666666666667,1.0,32,1.0,1,"(1, 2)","{'clf__n_estimators': 32, 'vect__max_df': 1.0, 'vect__min_df': 1, 'vect__ngram_range': (1, 2)}",79,0.7325349301397206,1.0,0.74,1.0,0.7014028056112225,1.0,0.08474546946591771,0.027035083407845942,0.016705980137636016,0.0
179,17.70329936345418,3.742021401723226,0.7013333333333334,1.0,32,1.0,1,"(1, 3)","{'clf__n_estimators': 32, 'vect__max_df': 1.0, 'vect__min_df': 1, 'vect__ngram_range': (1, 3)}",107,0.7005988023952096,1.0,0.682,1.0,0.7214428857715431,1.0,1.0239414287974962,0.1784523874526879,0.016102833121481187,0.0
180,2.291720708211263,1.0472352504730225,0.7146666666666667,0.9996669996669997,32,1.0,10,"(1, 1)","{'clf__n_estimators': 32, 'vect__max_df': 1.0, 'vect__min_df': 10, 'vect__ngram_range': (1, 1)}",93,0.7265469061876247,1.0,0.704,1.0,0.7134268537074149,0.999000999000999,0.19783313543146377,0.13532707268633062,0.009250841600215703,0.00047093358720381193
181,5.946467002232869,1.1771535873413086,0.678,1.0,32,1.0,10,"(2, 2)","{'clf__n_estimators': 32, 'vect__max_df': 1.0, 'vect__min_df': 10, 'vect__ngram_range': (2, 2)}",152,0.6846307385229541,1.0,0.668,1.0,0.6813627254509018,1.0,0.44680596885893353,0.09289677089659092,0.007195830583509979,0.0
182,6.851091066996257,1.5541551113128662,0.738,1.0,32,1.0,10,"(1, 2)","{'clf__n_estimators': 32, 'vect__max_df': 1.0, 'vect__min_df': 10, 'vect__ngram_range': (1, 2)}",64,0.7345309381237525,1.0,0.722,1.0,0.7575150300601202,1.0,0.09410642036783981,0.07248949356272728,0.0146984487223736,0.0
183,12.079380909601847,2.0604339440663657,0.7273333333333334,1.0,32,1.0,10,"(1, 3)","{'clf__n_estimators': 32, 'vect__max_df': 1.0, 'vect__min_df': 10, 'vect__ngram_range': (1, 3)}",74,0.7345309381237525,1.0,0.71,1.0,0.7374749498997996,1.0,0.036478314708458054,0.048028861918335816,0.012315305545011975,0.0
184,2.091852903366089,0.7192840576171875,0.7406666666666667,1.0,32,1.0,20,"(1, 1)","{'clf__n_estimators': 32, 'vect__max_df': 1.0, 'vect__min_df': 20, 'vect__ngram_range': (1, 1)}",61,0.7584830339321357,1.0,0.746,1.0,0.717434869739479,1.0,0.1565731458164572,0.02213703494683366,0.017176914629396727,0.0
185,4.997541189193726,1.0205657482147217,0.6933333333333334,1.0,32,1.0,20,"(2, 2)","{'clf__n_estimators': 32, 'vect__max_df': 1.0, 'vect__min_df': 20, 'vect__ngram_range': (2, 2)}",129,0.6986027944111777,1.0,0.69,1.0,0.6913827655310621,1.0,0.261899577359251,0.0633534591596073,0.0037740769698865564,0.0
186,5.655559937159221,1.5516007741292317,0.7433333333333333,1.0,32,1.0,20,"(1, 2)","{'clf__n_estimators': 32, 'vect__max_df': 1.0, 'vect__min_df': 20, 'vect__ngram_range': (1, 2)}",54,0.7325349301397206,1.0,0.766,1.0,0.7314629258517034,1.0,0.016295654106427318,0.15916413040890734,0.016033727586611965,0.0
187,12.167837381362915,2.232248306274414,0.7373333333333333,1.0,32,1.0,20,"(1, 3)","{'clf__n_estimators': 32, 'vect__max_df': 1.0, 'vect__min_df': 20, 'vect__ngram_range': (1, 3)}",65,0.7405189620758483,1.0,0.722,1.0,0.749498997995992,1.0,0.42062784755858723,0.22027152034960623,0.011445334245128188,0.0
188,2.0996569792429605,0.6464850107828776,0.7466666666666667,1.0,32,1.0,30,"(1, 1)","{'clf__n_estimators': 32, 'vect__max_df': 1.0, 'vect__min_df': 30, 'vect__ngram_range': (1, 1)}",48,0.7604790419161677,1.0,0.752,1.0,0.7274549098196392,1.0,0.27154666634277574,0.0023821822516623876,0.013999537323837352,0.0
189,4.358459949493408,0.9579384326934814,0.6766666666666666,1.0,32,1.0,30,"(2, 2)","{'clf__n_estimators': 32, 'vect__max_df': 1.0, 'vect__min_df': 30, 'vect__ngram_range': (2, 2)}",158,0.6766467065868264,1.0,0.674,1.0,0.6793587174348698,1.0,0.007944558234986444,0.0035091978605042546,0.002186637706359038,0.0
190,6.2589530150095625,1.5220685799916585,0.7466666666666667,0.9996663329996663,32,1.0,30,"(1, 2)","{'clf__n_estimators': 32, 'vect__max_df': 1.0, 'vect__min_df': 30, 'vect__ngram_range': (1, 2)}",48,0.7425149700598802,0.998998998998999,0.748,1.0,0.749498997995992,1.0,0.29555186800673167,0.079371223907816,0.003003048019350172,0.0004718763971882093
191,12.714988072713217,2.2792892456054688,0.7486666666666667,1.0,32,1.0,30,"(1, 3)","{'clf__n_estimators': 32, 'vect__max_df': 1.0, 'vect__min_df': 30, 'vect__ngram_range': (1, 3)}",46,0.720558882235529,1.0,0.766,1.0,0.7595190380761523,1.0,0.4016328708080867,0.20631690306745656,0.020079927808983832,0.0
192,2.8454717000325522,0.8281739552815756,0.7753333333333333,1.0,64,0.25,1,"(1, 1)","{'clf__n_estimators': 64, 'vect__max_df': 0.25, 'vect__min_df': 1, 'vect__ngram_range': (1, 1)}",19,0.7504990019960079,1.0,0.77,1.0,0.8056112224448898,1.0,0.3113954885787321,0.12527347892983148,0.022813293006169723,0.0
193,9.007025082906088,1.443125565846761,0.6706666666666666,1.0,64,0.25,1,"(2, 2)","{'clf__n_estimators': 64, 'vect__max_df': 0.25, 'vect__min_df': 1, 'vect__ngram_range': (2, 2)}",165,0.6666666666666666,1.0,0.662,1.0,0.6833667334669339,1.0,0.0542911354609555,0.04277800181165971,0.009167191944626918,0.0
194,10.014122009277344,2.6243553161621094,0.7213333333333334,1.0,64,0.25,1,"(1, 2)","{'clf__n_estimators': 64, 'vect__max_df': 0.25, 'vect__min_df': 1, 'vect__ngram_range': (1, 2)}",82,0.7385229540918163,1.0,0.726,1.0,0.6993987975951904,1.0,0.39211955472704757,0.775332943019501,0.016309643528228543,0.0
195,24.642414490381878,4.296453555425008,0.708,1.0,64,0.25,1,"(1, 3)","{'clf__n_estimators': 64, 'vect__max_df': 0.25, 'vect__min_df': 1, 'vect__ngram_range': (1, 3)}",99,0.6986027944111777,1.0,0.742,1.0,0.6833667334669339,1.0,0.5520695239262308,0.48403445581392346,0.024833232520644906,0.0
196,3.327164093653361,0.9076559543609619,0.784,1.0,64,0.25,10,"(1, 1)","{'clf__n_estimators': 64, 'vect__max_df': 0.25, 'vect__min_df': 10, 'vect__ngram_range': (1, 1)}",5,0.7644710578842315,1.0,0.796,1.0,0.7915831663326653,1.0,0.31652788971890417,0.06655620777801549,0.013946705012618212,0.0
197,7.489122231801351,1.3334056536356609,0.7113333333333334,1.0,64,0.25,10,"(2, 2)","{'clf__n_estimators': 64, 'vect__max_df': 0.25, 'vect__min_df': 10, 'vect__ngram_range': (2, 2)}",94,0.718562874251497,1.0,0.714,1.0,0.7014028056112225,1.0,0.5557456352755962,0.17899747397990076,0.00725488469010642,0.0
198,8.712374925613403,1.7776563962300618,0.782,1.0,64,0.25,10,"(1, 2)","{'clf__n_estimators': 64, 'vect__max_df': 0.25, 'vect__min_df': 10, 'vect__ngram_range': (1, 2)}",6,0.7624750499001997,1.0,0.774,1.0,0.8096192384769539,1.0,0.16557769624481689,0.1557696440470836,0.020060598305561176,0.0
199,12.83410875002543,2.304488261540731,0.7806666666666666,1.0,64,0.25,10,"(1, 3)","{'clf__n_estimators': 64, 'vect__max_df': 0.25, 'vect__min_df': 10, 'vect__ngram_range': (1, 3)}",9,0.7564870259481038,1.0,0.79,1.0,0.7955911823647295,1.0,0.13712660748045347,0.11743036429087096,0.01727455868152674,0.0
200,2.3735926946004233,0.7289909521738688,0.768,1.0,64,0.25,20,"(1, 1)","{'clf__n_estimators': 64, 'vect__max_df': 0.25, 'vect__min_df': 20, 'vect__ngram_range': (1, 1)}",29,0.7564870259481038,1.0,0.758,1.0,0.7895791583166333,1.0,0.08200980617714924,0.10735649096287975,0.015248414367508173,0.0
201,5.264057079950969,1.077704906463623,0.7166666666666667,1.0,64,0.25,20,"(2, 2)","{'clf__n_estimators': 64, 'vect__max_df': 0.25, 'vect__min_df': 20, 'vect__ngram_range': (2, 2)}",90,0.7045908183632734,1.0,0.71,1.0,0.7354709418837675,1.0,0.016541368488024184,0.024610199557019492,0.013459269096340199,0.0
202,6.982638994852702,1.8324750264485676,0.778,1.0,64,0.25,20,"(1, 2)","{'clf__n_estimators': 64, 'vect__max_df': 0.25, 'vect__min_df': 20, 'vect__ngram_range': (1, 2)}",16,0.7485029940119761,1.0,0.804,1.0,0.781563126252505,1.0,0.4346592251813851,0.37820390069997506,0.022807045592213714,0.0
203,12.70373304684957,2.1893482208251953,0.7793333333333333,1.0,64,0.25,20,"(1, 3)","{'clf__n_estimators': 64, 'vect__max_df': 0.25, 'vect__min_df': 20, 'vect__ngram_range': (1, 3)}",12,0.782435129740519,1.0,0.778,1.0,0.7775551102204409,1.0,0.015432984107080147,0.10603620457903029,0.0022040806318929795,0.0
204,2.426976044972738,0.7176632881164551,0.7873333333333333,1.0,64,0.25,30,"(1, 1)","{'clf__n_estimators': 64, 'vect__max_df': 0.25, 'vect__min_df': 30, 'vect__ngram_range': (1, 1)}",2,0.7664670658682635,1.0,0.788,1.0,0.8076152304609219,1.0,0.10706794830536005,0.01889218823180848,0.016805247245984603,0.0
205,5.675780614217122,1.0402563412984211,0.6813333333333333,1.0,64,0.25,30,"(2, 2)","{'clf__n_estimators': 64, 'vect__max_df': 0.25, 'vect__min_df': 30, 'vect__ngram_range': (2, 2)}",147,0.6906187624750499,1.0,0.678,1.0,0.6753507014028056,1.0,0.15829579457075887,0.1895796030409251,0.006663908885235949,0.0
206,6.479893922805786,1.4512687524159749,0.7633333333333333,1.0,64,0.25,30,"(1, 2)","{'clf__n_estimators': 64, 'vect__max_df': 0.25, 'vect__min_df': 30, 'vect__ngram_range': (1, 2)}",33,0.7584830339321357,1.0,0.762,1.0,0.7695390781563126,1.0,0.1427379779164279,0.11039440610967859,0.004611018655999162,0.0
207,11.877267996470133,2.0630266666412354,0.788,1.0,64,0.25,30,"(1, 3)","{'clf__n_estimators': 64, 'vect__max_df': 0.25, 'vect__min_df': 30, 'vect__ngram_range': (1, 3)}",1,0.7924151696606786,1.0,0.784,1.0,0.7875751503006012,1.0,0.09167784929172257,0.038436131774355446,0.0034502582923305303,0.0
208,2.4813642501831055,0.7612067063649496,0.7573333333333333,1.0,64,0.5,1,"(1, 1)","{'clf__n_estimators': 64, 'vect__max_df': 0.5, 'vect__min_df': 1, 'vect__ngram_range': (1, 1)}",38,0.7644710578842315,1.0,0.758,1.0,0.749498997995992,1.0,0.08662289169411579,0.033590543328876864,0.006130456943002654,0.0
209,7.723577419916789,1.3791656494140625,0.6686666666666666,1.0,64,0.5,1,"(2, 2)","{'clf__n_estimators': 64, 'vect__max_df': 0.5, 'vect__min_df': 1, 'vect__ngram_range': (2, 2)}",167,0.6926147704590818,1.0,0.672,1.0,0.6412825651302605,1.0,0.15775718411786896,0.008970970793028568,0.02108837791008905,0.0
210,9.006813049316406,1.83993927637736,0.732,1.0,64,0.5,1,"(1, 2)","{'clf__n_estimators': 64, 'vect__max_df': 0.5, 'vect__min_df': 1, 'vect__ngram_range': (1, 2)}",70,0.7345309381237525,1.0,0.742,1.0,0.7194388777555111,1.0,0.17018050390629158,0.03934406453666985,0.009378782570937242,0.0
211,17.65610686937968,2.862690051396688,0.71,1.0,64,0.5,1,"(1, 3)","{'clf__n_estimators': 64, 'vect__max_df': 0.5, 'vect__min_df': 1, 'vect__ngram_range': (1, 3)}",96,0.7125748502994012,1.0,0.7,1.0,0.717434869739479,1.0,0.15187455262410268,0.10114585772704689,0.007344155209856574,0.0
212,2.3385639985402427,0.7668151060740153,0.7786666666666666,1.0,64,0.5,10,"(1, 1)","{'clf__n_estimators': 64, 'vect__max_df': 0.5, 'vect__min_df': 10, 'vect__ngram_range': (1, 1)}",13,0.7624750499001997,1.0,0.784,1.0,0.7895791583166333,1.0,0.03295784519392513,0.014052222119941067,0.011690188819777814,0.0
213,5.150825659434001,1.0247956116994221,0.7106666666666667,1.0,64,0.5,10,"(2, 2)","{'clf__n_estimators': 64, 'vect__max_df': 0.5, 'vect__min_df': 10, 'vect__ngram_range': (2, 2)}",95,0.720558882235529,1.0,0.702,1.0,0.7094188376753507,1.0,0.12666495742310094,0.009286740872576525,0.007631441866097153,0.0
214,6.218798398971558,1.4682574272155762,0.7806666666666666,1.0,64,0.5,10,"(1, 2)","{'clf__n_estimators': 64, 'vect__max_df': 0.5, 'vect__min_df': 10, 'vect__ngram_range': (1, 2)}",9,0.7864271457085829,1.0,0.786,1.0,0.7695390781563126,1.0,0.09932307474212168,0.033960640481030674,0.007858530589493965,0.0
215,11.816447655359903,2.146356741587321,0.7586666666666667,1.0,64,0.5,10,"(1, 3)","{'clf__n_estimators': 64, 'vect__max_df': 0.5, 'vect__min_df': 10, 'vect__ngram_range': (1, 3)}",36,0.7524950099800399,1.0,0.758,1.0,0.7655310621242485,1.0,0.2187503238571667,0.03230851443661212,0.005342772518166259,0.0
216,2.3041210969289145,0.6656721433003744,0.7806666666666666,1.0,64,0.5,20,"(1, 1)","{'clf__n_estimators': 64, 'vect__max_df': 0.5, 'vect__min_df': 20, 'vect__ngram_range': (1, 1)}",9,0.7664670658682635,1.0,0.782,1.0,0.7935871743486974,1.0,0.09910106207755713,0.03611729452209997,0.011111785600003716,0.0
217,5.072971661885579,1.1019822756449382,0.7053333333333334,1.0,64,0.5,20,"(2, 2)","{'clf__n_estimators': 64, 'vect__max_df': 0.5, 'vect__min_df': 20, 'vect__ngram_range': (2, 2)}",104,0.7085828343313373,1.0,0.712,1.0,0.6953907815631263,1.0,0.5258971141449895,0.13770372836277828,0.0071573143642427225,0.0
218,6.897399663925171,1.3862040837605794,0.7753333333333333,1.0,64,0.5,20,"(1, 2)","{'clf__n_estimators': 64, 'vect__max_df': 0.5, 'vect__min_df': 20, 'vect__ngram_range': (1, 2)}",19,0.7524950099800399,1.0,0.786,1.0,0.7875751503006012,1.0,0.3491441755345615,0.008526055118571749,0.016186129122279486,0.0
219,12.9951860109965,2.01894203821818,0.768,1.0,64,0.5,20,"(1, 3)","{'clf__n_estimators': 64, 'vect__max_df': 0.5, 'vect__min_df': 20, 'vect__ngram_range': (1, 3)}",29,0.780439121756487,1.0,0.77,1.0,0.7535070140280561,1.0,0.12572581304119412,0.03205675034248905,0.011085542576873879,0.0
220,2.3747690518697104,0.702210267384847,0.7813333333333333,1.0,64,0.5,30,"(1, 1)","{'clf__n_estimators': 64, 'vect__max_df': 0.5, 'vect__min_df': 30, 'vect__ngram_range': (1, 1)}",8,0.8023952095808383,1.0,0.786,1.0,0.7555110220440882,1.0,0.08457370842647817,0.00663566506071531,0.019422716861990628,0.0
221,4.829670588175456,0.9846949577331543,0.6973333333333334,1.0,64,0.5,30,"(2, 2)","{'clf__n_estimators': 64, 'vect__max_df': 0.5, 'vect__min_df': 30, 'vect__ngram_range': (2, 2)}",118,0.6746506986027944,1.0,0.706,1.0,0.7114228456913828,1.0,0.07102692902031557,0.031128119058282305,0.016214801499838092,0.0
222,6.102017641067505,1.309679905573527,0.7706666666666667,1.0,64,0.5,30,"(1, 2)","{'clf__n_estimators': 64, 'vect__max_df': 0.5, 'vect__min_df': 30, 'vect__ngram_range': (1, 2)}",26,0.780439121756487,1.0,0.766,1.0,0.7655310621242485,1.0,0.08849564648529157,0.055445033718344014,0.006923181907316224,0.0
223,11.640989303588867,1.950024684270223,0.772,1.0,64,0.5,30,"(1, 3)","{'clf__n_estimators': 64, 'vect__max_df': 0.5, 'vect__min_df': 30, 'vect__ngram_range': (1, 3)}",23,0.782435129740519,1.0,0.782,1.0,0.751503006012024,1.0,0.05601980986633773,0.018045357435767805,0.014472919834238753,0.0
224,2.4601407845815024,0.77046799659729,0.7453333333333333,1.0,64,0.75,1,"(1, 1)","{'clf__n_estimators': 64, 'vect__max_df': 0.75, 'vect__min_df': 1, 'vect__ngram_range': (1, 1)}",51,0.718562874251497,1.0,0.762,1.0,0.7555110220440882,1.0,0.043462831619655404,0.026588397047263884,0.019141984823828097,0.0
225,7.702372868855794,1.3054486910502117,0.6746666666666666,1.0,64,0.75,1,"(2, 2)","{'clf__n_estimators': 64, 'vect__max_df': 0.75, 'vect__min_df': 1, 'vect__ngram_range': (2, 2)}",161,0.6866267465069861,1.0,0.662,1.0,0.6753507014028056,1.0,0.09434469600163851,0.03064382604123906,0.010070435425277236,0.0
226,9.070228735605875,2.188439687093099,0.7253333333333334,1.0,64,0.75,1,"(1, 2)","{'clf__n_estimators': 64, 'vect__max_df': 0.75, 'vect__min_df': 1, 'vect__ngram_range': (1, 2)}",78,0.7265469061876247,1.0,0.724,1.0,0.7254509018036072,1.0,0.21521973626535876,0.22398111050201078,0.0010435958778997906,0.0
227,20.381462891896565,4.123332341512044,0.696,1.0,64,0.75,1,"(1, 3)","{'clf__n_estimators': 64, 'vect__max_df': 0.75, 'vect__min_df': 1, 'vect__ngram_range': (1, 3)}",123,0.7125748502994012,1.0,0.682,1.0,0.6933867735470942,1.0,0.6009845773646911,0.6809751819056848,0.012623924487015787,0.0
228,2.6720640659332275,0.8964722951253256,0.77,1.0,64,0.75,10,"(1, 1)","{'clf__n_estimators': 64, 'vect__max_df': 0.75, 'vect__min_df': 10, 'vect__ngram_range': (1, 1)}",27,0.7425149700598802,1.0,0.776,1.0,0.7915831663326653,1.0,0.15979558842933048,0.12200458286497905,0.02047632069290861,0.0
229,7.250104665756226,1.2663593292236328,0.7066666666666667,1.0,64,0.75,10,"(2, 2)","{'clf__n_estimators': 64, 'vect__max_df': 0.75, 'vect__min_df': 10, 'vect__ngram_range': (2, 2)}",103,0.720558882235529,1.0,0.674,1.0,0.7254509018036072,1.0,1.230980131019453,0.3313690732996565,0.02318499907648753,0.0
230,6.676132678985596,2.021292289098104,0.7686666666666667,1.0,64,0.75,10,"(1, 2)","{'clf__n_estimators': 64, 'vect__max_df': 0.75, 'vect__min_df': 10, 'vect__ngram_range': (1, 2)}",28,0.7864271457085829,1.0,0.766,1.0,0.7535070140280561,1.0,0.14105348430847736,0.3744854428289982,0.013571195404583168,0.0
231,13.701015710830688,2.5151003201802573,0.7713333333333333,1.0,64,0.75,10,"(1, 3)","{'clf__n_estimators': 64, 'vect__max_df': 0.75, 'vect__min_df': 10, 'vect__ngram_range': (1, 3)}",24,0.7704590818363274,1.0,0.77,1.0,0.7735470941883767,1.0,0.7495310395966501,0.2689660536662742,0.0015742254961547296,0.0
232,2.585137685139974,0.7964375813802084,0.7866666666666666,1.0,64,0.75,20,"(1, 1)","{'clf__n_estimators': 64, 'vect__max_df': 0.75, 'vect__min_df': 20, 'vect__ngram_range': (1, 1)}",3,0.7984031936127745,1.0,0.778,1.0,0.7835671342685371,1.0,0.27979795028343324,0.13000879720529662,0.008616274424641992,0.0
233,5.415122429529826,1.0667469501495361,0.7153333333333334,1.0,64,0.75,20,"(2, 2)","{'clf__n_estimators': 64, 'vect__max_df': 0.75, 'vect__min_df': 20, 'vect__ngram_range': (2, 2)}",92,0.6966067864271457,1.0,0.736,1.0,0.7134268537074149,1.0,0.14377647871619223,0.18798044615322934,0.016146448861320665,0.0
234,6.918602466583252,1.7799231211344402,0.786,1.0,64,0.75,20,"(1, 2)","{'clf__n_estimators': 64, 'vect__max_df': 0.75, 'vect__min_df': 20, 'vect__ngram_range': (1, 2)}",4,0.7864271457085829,1.0,0.782,1.0,0.7895791583166333,1.0,0.6872851288153476,0.17941554420293446,0.0031073875345852477,0.0
235,12.307670672734579,2.0150643984476724,0.7713333333333333,1.0,64,0.75,20,"(1, 3)","{'clf__n_estimators': 64, 'vect__max_df': 0.75, 'vect__min_df': 20, 'vect__ngram_range': (1, 3)}",24,0.7405189620758483,1.0,0.786,1.0,0.7875751503006012,1.0,0.6829965296157924,0.045430739723234366,0.021831205976908775,0.0
236,2.305203994115194,0.6742351055145264,0.7773333333333333,1.0,64,0.75,30,"(1, 1)","{'clf__n_estimators': 64, 'vect__max_df': 0.75, 'vect__min_df': 30, 'vect__ngram_range': (1, 1)}",17,0.7624750499001997,1.0,0.816,1.0,0.7535070140280561,1.0,0.11831078278660977,0.013600316877243463,0.02758549944878863,0.0
237,4.706034739812215,1.004934310913086,0.6986666666666667,1.0,64,0.75,30,"(2, 2)","{'clf__n_estimators': 64, 'vect__max_df': 0.75, 'vect__min_df': 30, 'vect__ngram_range': (2, 2)}",113,0.6966067864271457,1.0,0.718,1.0,0.6813627254509018,1.0,0.10437871013523946,0.033955558641610845,0.015020618045735182,0.0
238,6.360601822535197,1.2998687426249187,0.7786666666666666,1.0,64,0.75,30,"(1, 2)","{'clf__n_estimators': 64, 'vect__max_df': 0.75, 'vect__min_df': 30, 'vect__ngram_range': (1, 2)}",13,0.7764471057884231,1.0,0.806,1.0,0.7535070140280561,1.0,0.2326219178707683,0.05133053084039557,0.021477038274694524,0.0
239,11.735891103744507,2.136892239252726,0.7726666666666666,1.0,64,0.75,30,"(1, 3)","{'clf__n_estimators': 64, 'vect__max_df': 0.75, 'vect__min_df': 30, 'vect__ngram_range': (1, 3)}",21,0.7724550898203593,1.0,0.772,1.0,0.7735470941883767,1.0,0.19586260236208236,0.2010785240893701,0.000648819710860724,0.0
240,2.643882671991984,0.793778657913208,0.764,1.0,64,1.0,1,"(1, 1)","{'clf__n_estimators': 64, 'vect__max_df': 1.0, 'vect__min_df': 1, 'vect__ngram_range': (1, 1)}",31,0.7544910179640718,1.0,0.78,1.0,0.7575150300601202,1.0,0.2552204534813698,0.0430936005509223,0.011380865612791016,0.0
241,8.393374601999918,1.7245916525522869,0.698,1.0,64,1.0,1,"(2, 2)","{'clf__n_estimators': 64, 'vect__max_df': 1.0, 'vect__min_df': 1, 'vect__ngram_range': (2, 2)}",115,0.7025948103792415,1.0,0.696,1.0,0.6953907815631263,1.0,0.07950462734660826,0.1457857877126798,0.003263378198311654,0.0
242,12.559765338897705,2.3735454082489014,0.73,1.0,64,1.0,1,"(1, 2)","{'clf__n_estimators': 64, 'vect__max_df': 1.0, 'vect__min_df': 1, 'vect__ngram_range': (1, 2)}",71,0.7065868263473054,1.0,0.75,1.0,0.7334669338677354,1.0,1.0046214775565823,0.1289018473094485,0.017900359820169156,0.0
243,22.056575775146484,3.1995046138763428,0.7173333333333334,1.0,64,1.0,1,"(1, 3)","{'clf__n_estimators': 64, 'vect__max_df': 1.0, 'vect__min_df': 1, 'vect__ngram_range': (1, 3)}",89,0.718562874251497,1.0,0.728,1.0,0.7054108216432866,1.0,1.134347376059604,0.260792066780847,0.009258411753971936,0.0
244,2.8598198095957437,0.9711478551228842,0.7533333333333333,1.0,64,1.0,10,"(1, 1)","{'clf__n_estimators': 64, 'vect__max_df': 1.0, 'vect__min_df': 10, 'vect__ngram_range': (1, 1)}",41,0.7425149700598802,1.0,0.778,1.0,0.7394789579158316,1.0,0.30869903659055536,0.22746095656566379,0.017485949913204936,0.0
245,5.31609320640564,1.1410980224609375,0.7266666666666667,1.0,64,1.0,10,"(2, 2)","{'clf__n_estimators': 64, 'vect__max_df': 1.0, 'vect__min_df': 10, 'vect__ngram_range': (2, 2)}",76,0.7325349301397206,1.0,0.702,1.0,0.7454909819639278,1.0,0.09317931369287646,0.07885306126922244,0.01822631769707276,0.0
246,10.198198080062866,2.569822311401367,0.7593333333333333,1.0,64,1.0,10,"(1, 2)","{'clf__n_estimators': 64, 'vect__max_df': 1.0, 'vect__min_df': 10, 'vect__ngram_range': (1, 2)}",35,0.7445109780439122,1.0,0.784,1.0,0.749498997995992,1.0,0.8066518004112797,0.4187939770934169,0.017560436483063806,0.0
247,20.70132843653361,3.78718638420105,0.7633333333333333,1.0,64,1.0,10,"(1, 3)","{'clf__n_estimators': 64, 'vect__max_df': 1.0, 'vect__min_df': 10, 'vect__ngram_range': (1, 3)}",33,0.7704590818363274,1.0,0.754,1.0,0.7655310621242485,1.0,0.47941294185705813,0.2448459067509402,0.0068995001567077165,0.0
248,4.353221734364827,1.0768413543701172,0.7786666666666666,1.0,64,1.0,20,"(1, 1)","{'clf__n_estimators': 64, 'vect__max_df': 1.0, 'vect__min_df': 20, 'vect__ngram_range': (1, 1)}",13,0.7584830339321357,1.0,0.8,1.0,0.7775551102204409,1.0,0.6326751909877135,0.03730469683518705,0.01697584544926456,0.0
249,6.438502709070842,1.115631341934204,0.6993333333333334,1.0,64,1.0,20,"(2, 2)","{'clf__n_estimators': 64, 'vect__max_df': 1.0, 'vect__min_df': 20, 'vect__ngram_range': (2, 2)}",109,0.6746506986027944,1.0,0.716,1.0,0.7074148296593187,1.0,1.0808110936184054,0.24236830332152093,0.017827026875268617,0.0
250,6.39203159014384,1.4098109404246013,0.7726666666666666,1.0,64,1.0,20,"(1, 2)","{'clf__n_estimators': 64, 'vect__max_df': 1.0, 'vect__min_df': 20, 'vect__ngram_range': (1, 2)}",21,0.7524950099800399,1.0,0.792,1.0,0.7735470941883767,1.0,0.18767533524604035,0.08598894494198248,0.01614786781635707,0.0
251,11.997708400090536,2.3298497200012207,0.776,1.0,64,1.0,20,"(1, 3)","{'clf__n_estimators': 64, 'vect__max_df': 1.0, 'vect__min_df': 20, 'vect__ngram_range': (1, 3)}",18,0.7644710578842315,1.0,0.778,1.0,0.7855711422845691,1.0,0.15808105129126898,0.11016791471089059,0.008729373601497458,0.0
252,2.7142072518666587,0.687641461690267,0.782,1.0,64,1.0,30,"(1, 1)","{'clf__n_estimators': 64, 'vect__max_df': 1.0, 'vect__min_df': 30, 'vect__ngram_range': (1, 1)}",6,0.780439121756487,1.0,0.802,1.0,0.7635270541082164,1.0,0.35589468046209205,0.04681610026725137,0.015737518271461765,0.0
253,5.952463150024414,0.9902003606160482,0.6953333333333334,1.0,64,1.0,30,"(2, 2)","{'clf__n_estimators': 64, 'vect__max_df': 1.0, 'vect__min_df': 30, 'vect__ngram_range': (2, 2)}",124,0.7125748502994012,1.0,0.698,1.0,0.6753507014028056,1.0,0.5605382616676058,0.0604567797603109,0.015313202647063541,0.0
254,7.006561676661174,1.6158973375956218,0.764,1.0,64,1.0,30,"(1, 2)","{'clf__n_estimators': 64, 'vect__max_df': 1.0, 'vect__min_df': 30, 'vect__ngram_range': (1, 2)}",31,0.7425149700598802,1.0,0.756,1.0,0.7935871743486974,1.0,0.4097413568593075,0.14489487278730143,0.021603856204539328,0.0
255,13.532081286112467,1.8636324405670166,0.7526666666666667,1.0,64,1.0,30,"(1, 3)","{'clf__n_estimators': 64, 'vect__max_df': 1.0, 'vect__min_df': 30, 'vect__ngram_range': (1, 3)}",42,0.7504990019960079,1.0,0.752,1.0,0.7555110220440882,1.0,0.48034767098844766,0.6401023507084115,0.0020997451358959166,0.0
